1.641130956768392570e-03,1.671547677735361545e-03,1.702817917349477763e-03,1.734973910819289679e-03,1.244283400760275334e-03,0.000000000000000000e+00,0.000000000000000000e+00,7.463672523462843355e-04,1.928634828967253816e-03,1.954728936184155132e-03,1.981356221630853950e-03,1.778610860176582870e-03,0.000000000000000000e+00,0.000000000000000000e+00,1.159642509975633562e-03,1.742478746435014488e-03,1.754875342057198896e-03,1.767404700292652840e-03,4.446110945767598648e-04,0.000000000000000000e+00,5.907890290251660440e-04,1.495426079838460499e-03,1.495426079838460499e-03,1.495426079838460499e-03,5.907890290251660440e-04,0.000000000000000000e+00,3.229508709833549544e-04,1.283784625039410907e-03,1.274683711444678322e-03,1.265679232244213033e-03,8.423261659326358080e-04,0.000000000000000000e+00,0.000000000000000000e+00,9.171741644508989546e-04,1.021723625860155790e-03,1.007992764979914139e-03,9.945368474885648603e-04,3.848783207004975271e-04,0.000000000000000000e+00,0.000000000000000000e+00,5.162175752557584141e-04,7.197910257647660874e-04,7.064504242837953401e-04,6.934772967298909446e-04,6.808582696375033031e-04,1.587339166380142576e-04,0.000000000000000000e+00,0.000000000000000000e+00,6.864441719343888210e-05,4.492522605653552904e-04
1.003628264617223214e-03,1.726268983089871648e-03,1.759094713295643580e-03,1.792865716275833608e-03,1.827618637823726598e-03,4.139474456063682237e-04,0.000000000000000000e+00,6.880961009249576745e-05,1.950547369750551749e-03,2.029210876853661336e-03,2.057379875701826396e-03,2.086139524303983351e-03,3.497235428748248724e-04,0.000000000000000000e+00,7.541487497298576814e-04,1.814573131384547003e-03,1.827748425316119696e-03,1.841067737144654612e-03,7.367090340444766529e-04,0.000000000000000000e+00,5.442633592274099879e-04,1.559199529473027533e-03,1.559199529473027533e-03,1.559199529473027533e-03,5.442633592274099879e-04,0.000000000000000000e+00,5.351212039199657131e-04,1.337291031426500292e-03,1.327616321531958823e-03,1.318046221499450310e-03,5.477888396110046441e-04,0.000000000000000000e+00,1.803415268661861365e-04,1.075757107960951912e-03,1.060926653887391295e-03,1.046400779475818808e-03,1.005836461549125711e-03,3.548297047765103051e-05,0.000000000000000000e+00,1.717349492275717815e-04,7.582266717801748645e-04,7.438086791560277397e-04,7.297980564460082760e-04,7.161796003591772500e-04,4.163766461098944677e-04,0.000000000000000000e+00,0.000000000000000000e+00,8.018932557076669020e-06,3.987547181751522393e-04,4.705735295846676320e-04
7.638902724613211162e-05,1.652098210690367344e-03,1.818208174328309144e-03,1.853704173917942403e-03,1.890249868305249412e-03,1.452564908798530292e-03,0.000000000000000000e+00,0.000000000000000000e+00,1.220278647742968625e-03,2.108032389894554277e-03,2.137864456892850980e-03,2.168334291915414644e-03,1.092626345132028179e-03,0.000000000000000000e+00,3.531886933956251994e-04,1.891236179376853347e-03,1.905256780513980190e-03,1.919433873262626393e-03,1.071527067162338477e-03,0.000000000000000000e+00,4.950344262897727861e-04,1.627141188274398810e-03,1.627141188274398810e-03,1.627141188274398810e-03,4.950344262897727861e-04,0.000000000000000000e+00,7.783220073528173766e-04,1.394213614384064723e-03,1.383915840650943056e-03,1.373731737275710098e-03,2.565446466471338316e-04,0.000000000000000000e+00,5.634333386754997652e-04,1.118142386828958543e-03,1.102430042941098540e-03,1.087046576138085306e-03,6.292596510007891514e-04,0.000000000000000000e+00,0.000000000000000000e+00,6.026276125387215700e-04,7.842105769859403913e-04,7.690488142145893461e-04,7.543225397756252171e-04,6.854082694392826065e-04,3.169162137585196192e-05,0.000000000000000000e+00,0.000000000000000000e+00,3.169126701005691945e-04,4.948181219643898185e-04,4.835294535750651055e-04
0.000000000000000000e+00,6.104351606768663356e-04,1.880352198697763820e-03,1.917692706847361163e-03,1.956156636106994896e-03,1.995789508055910693e-03,5.453391621342609233e-04,0.000000000000000000e+00,3.573536332612433893e-04,2.191537258713626389e-03,2.223165927963517696e-03,2.255484277160821078e-03,1.933235277304580935e-03,0.000000000000000000e+00,4.399794901067103123e-05,1.953393398348845112e-03,1.987802024758281681e-03,2.002912164633237953e-03,1.435420847982779450e-03,0.000000000000000000e+00,4.433338313467320886e-04,1.699622374469515751e-03,1.699622374469515751e-03,1.699622374469515751e-03,4.433338313467320886e-04,0.000000000000000000e+00,1.042642477298036472e-03,1.454849498722499742e-03,1.443873990254941446e-03,1.418880696106835336e-03,3.195866258803918515e-05,0.000000000000000000e+00,9.969091552565884345e-04,1.163082916929752356e-03,1.146417351917669754e-03,1.130107433350612976e-03,1.842761265764569529e-04,0.000000000000000000e+00,2.262456123716538733e-04,8.279959532854029710e-04,8.115534088896533783e-04,7.955958253639957515e-04,7.801043171078954949e-04,2.532520793115346962e-04,0.000000000000000000e+00,0.000000000000000000e+00,2.204802703997887177e-04,5.209858176186585007e-04,5.087954021558688646e-04,4.970278948408311370e-04
0.000000000000000000e+00,0.000000000000000000e+00,1.350008747889030200e-03,1.985052600219022224e-03,2.025571396450087918e-03,2.067343575201709312e-03,1.691601949856523339e-03,0.000000000000000000e+00,0.000000000000000000e+00,1.774967620821076095e-03,2.313676478502738922e-03,2.347995943060828938e-03,2.383084716292540196e-03,3.099327381037021408e-04,0.000000000000000000e+00,1.667713722522006338e-03,2.075830233377843823e-03,2.091957126358170646e-03,1.807156664382770454e-03,0.000000000000000000e+00,3.894684546846192389e-04,1.777056694147181957e-03,1.777056694147181957e-03,1.777056694147181957e-03,3.894684546846192389e-04,0.000000000000000000e+00,1.312659143877999883e-03,1.519528829257697474e-03,1.507814784786518222e-03,1.211372378712403507e-03,0.000000000000000000e+00,1.598226495019977600e-04,1.228882484876044632e-03,1.210788298569768270e-03,1.193090820759842201e-03,9.152954595095326353e-04,0.000000000000000000e+00,0.000000000000000000e+00,7.017972403388644679e-04,8.576816880779185390e-04,8.403516065103746159e-04,8.235415174825000016e-04,5.600799962320957351e-04,0.000000000000000000e+00,0.000000000000000000e+00,1.215453869235393807e-04,5.492855172119127808e-04,5.360946954442923030e-04,5.233733871894667320e-04,5.110995715163751257e-04
1.085896887853581629e-04,0.000000000000000000e+00,2.183478544277407468e-04,2.028743680126476791e-03,2.098747597269905174e-03,2.142815864169438003e-03,2.188286823808715479e-03,7.041284009744516043e-04,0.000000000000000000e+00,8.005765694454950983e-04,2.409829040915742633e-03,2.446318299945057784e-03,2.483642649445024116e-03,1.128726113746747516e-03,0.000000000000000000e+00,1.213680733929717098e-03,2.169837979100798682e-03,2.187074932536468407e-03,2.142528768732682425e-03,7.759654524241429169e-06,3.338490232528589972e-04,1.859905954875041905e-03,1.859905954875041905e-03,1.859905954875041905e-03,3.338490232528589972e-04,5.636357746581274431e-06,1.556262406424624737e-03,1.588619274201607699e-03,1.576098918337685362e-03,8.815777539050280659e-04,0.000000000000000000e+00,5.820488637783329802e-04,1.280737075659821832e-03,1.261490072376087205e-03,1.242673699210389802e-03,4.128323753107185595e-04,0.000000000000000000e+00,2.921227234870475806e-04,9.078575808860423705e-04,8.889929809764055913e-04,8.707103181435613170e-04,8.416676962263098302e-04,9.058627633072754949e-05,0.000000000000000000e+00,3.517289341152665194e-05,5.213501585214943938e-04,5.656515187445892989e-04,5.518704805185628602e-04,5.385869989178386063e-04,5.257774070488225497e-04
1.341617638018629708e-03,0.000000000000000000e+00,0.000000000000000000e+00,9.154845444379186223e-04,2.175961995984954794e-03,2.222497762078677868e-03,2.270542490662514484e-03,1.966390715382807398e-03,0.000000000000000000e+00,2.827192505418834448e-05,2.363775844217365970e-03,2.550948363992458067e-03,2.590702307015001378e-03,2.107320096789974673e-03,0.000000000000000000e+00,7.133840395761927586e-04,2.270379350443807540e-03,2.288830625536592521e-03,2.307507747115400670e-03,1.810302890993579171e-04,2.770314035135646954e-04,1.948687067093320428e-03,1.948687067093320428e-03,1.948687067093320428e-03,2.770314035135646954e-04,1.314944459374660021e-04,1.676097708360492315e-03,1.662531261740261921e-03,1.649128862576919319e-03,5.181786953520968637e-04,0.000000000000000000e+00,1.086679268792974757e-03,1.335944403005385507e-03,1.315444534095493992e-03,1.218925501587428536e-03,1.457895024683434082e-05,0.000000000000000000e+00,8.157992355118866582e-04,9.419831031491996548e-04,9.220507201581385230e-04,9.027443625221713824e-04,3.798083390207164815e-04,0.000000000000000000e+00,0.000000000000000000e+00,4.345585175617166650e-04,5.977218277887350788e-04,5.827600068533197617e-04,5.683530080177579642e-04,5.544737342917853504e-04,3.043794146205061352e-04
1.953030074163697232e-03,9.952396857183605419e-04,0.000000000000000000e+00,0.000000000000000000e+00,1.786204453603502853e-03,2.306708255410450364e-03,2.357524720383793581e-03,2.410039089883531278e-03,8.958770100856674372e-04,0.000000000000000000e+00,1.385887641452646134e-03,2.662437450600394374e-03,2.704836517076853949e-03,2.748256508917275645e-03,2.624870891946383790e-04,2.543139599594449862e-04,2.378074135060688748e-03,2.397856526934623398e-03,2.417886793953397551e-03,4.734225514246030091e-04,2.197793163106785751e-04,2.043980126448158730e-03,2.043980126448158730e-03,2.043980126448158730e-03,2.197793163106785751e-04,3.438785653140893125e-04,1.756273416410641464e-03,1.741724089462559589e-03,1.727354810864365408e-03,1.847252933494877446e-04,1.353564076896791586e-04,1.417190192470035382e-03,1.394799856490218761e-03,1.372935979888687810e-03,7.146590454563857015e-04,0.000000000000000000e+00,3.716737341278668317e-04,9.998562501849249991e-04,9.780695410857912202e-04,9.569872439856411160e-04,7.410451118989609806e-04,0.000000000000000000e+00,0.000000000000000000e+00,3.223644876070692563e-04,6.325989087587118942e-04,6.163174617586218056e-04,6.006565834062573082e-04,5.855851324016585506e-04,3.659884851579545888e-04,0.000000000000000000e+00
2.015579812753743195e-03,2.070413369717151106e-03,6.182535123442409577e-04,0.000000000000000000e+00,4.382938915045097813e-04,2.395797127440103900e-03,2.449602702308582760e-03,2.505241416415312887e-03,2.282678067090011288e-03,1.383989328983200483e-05,3.351418138140592278e-04,2.781398451754073849e-03,2.826682611371768815e-03,2.873081753607988932e-03,1.164972438618202318e-03,0.000000000000000000e+00,2.320175896638624301e-03,2.514862084602604957e-03,2.536379431113495661e-03,8.542246023827135878e-04,1.631661168224169366e-04,2.146437913785214334e-03,2.146437913785214334e-03,2.146437913785214334e-03,1.631661168224169366e-04,6.204806463895820188e-04,1.842342569526121210e-03,1.826713076961259405e-03,1.685299435380370340e-03,0.000000000000000000e+00,6.007399633733798584e-04,1.481558679172190283e-03,1.457632088221588176e-03,1.434280459042793160e-03,1.728221838401184144e-04,5.741775669040981532e-06,9.470178065244945183e-04,1.039352971053277615e-03,1.016270060786226637e-03,9.939476675300902477e-04,1.818355929072651238e-04,0.000000000000000000e+00,2.002562594499127276e-04,6.706201075389779664e-04,6.528591683925270188e-04,6.357945784793610569e-04,6.193904057492224599e-04,4.332892643649362513e-04,3.141162130780070594e-07,0.000000000000000000e+00
2.081183309286155185e-03,2.138734504762393549e-03,2.107672045212974962e-03,2.598734153035435457e-04,0.000000000000000000e+00,1.321820062216404581e-03,2.547182388951452475e-03,2.606198291931764461e-03,2.667289227067751092e-03,1.127717303090629069e-03,0.000000000000000000e+00,2.103312967116053884e-03,2.956951341905967711e-03,3.006608532208189868e-03,2.306319200736928633e-03,0.000000000000000000e+00,1.854206370259728429e-03,2.640645443190065868e-03,2.663800792861018181e-03,1.308754558911966702e-03,1.087566226976550092e-04,2.256797104275416049e-03,2.256797104275416049e-03,2.256797104275416049e-03,1.087566226976550092e-04,9.506362523555058871e-04,1.934897254418590888e-03,1.918077970250082120e-03,1.346834502248260221e-03,0.000000000000000000e+00,1.189296902012027847e-03,1.550414275602260590e-03,1.524807610848230056e-03,1.084612916960309105e-03,0.000000000000000000e+00,4.678576371105016337e-04,1.106581970362767713e-03,1.081237089617157312e-03,1.056753080331637729e-03,5.483853172233728703e-04,0.000000000000000000e+00,8.417465819455785460e-05,6.826884303836973020e-04,6.927497593280240598e-04,6.741085597184289175e-04,6.562097840325295918e-04,5.060498099220153657e-04,1.617879316227480160e-05,0.000000000000000000e+00,2.479972172783521923e-07
2.150042632113426284e-03,2.210494064588110381e-03,2.273531319757046438e-03,1.843957529196440593e-03,8.673759215613393136e-06,4.425819524004388111e-05,2.334662073781840815e-03,2.713383018280930790e-03,2.778304299905943932e-03,2.646754367931578728e-03,7.044400998022905074e-05,8.636096590443480573e-04,3.096437269398645813e-03,3.149664821380284904e-03,3.204276730420031576e-03,2.068221534837228349e-04,1.255775782182686016e-03,2.776107091528112660e-03,2.801071010839691153e-03,1.822824688153640424e-03,5.898560795551284204e-05,2.375891546336752081e-03,2.375891546336752081e-03,2.375891546336752081e-03,5.898560795551284204e-05,1.324039880852750494e-03,2.034605824440865931e-03,2.016472854789024341e-03,9.121542119902288463e-04,1.066517359466343282e-04,1.652345602230650490e-03,1.624183943509177651e-03,1.596736154559052698e-03,4.453365742785843828e-04,2.922520384108170819e-05,1.098062644954248121e-03,1.152638947159507175e-03,1.125704965268814256e-03,9.685844832721291105e-04,1.836145866613354922e-05,2.809485981408879982e-06,5.972696151474150925e-04,7.364113082195748294e-04,7.159931388536530227e-04,6.964125339657525676e-04,5.836481214208581562e-04,4.509890933787851609e-05,0.000000000000000000e+00,1.277328426906055922e-05,3.420852772485884013e-04
2.052069591932955458e-03,2.285926709498956304e-03,2.352241920854408926e-03,2.421485280426811677e-03,1.445586815266286561e-03,0.000000000000000000e+00,7.589981295031697842e-04,2.827318577389179109e-03,2.896397232381711737e-03,2.968038818064463926e-03,1.408877717700147579e-03,0.000000000000000000e+00,2.918209798878413676e-03,3.303179473099132190e-03,3.361850640157544156e-03,1.201082475740195303e-03,6.418409983037068117e-04,2.922266024214370712e-03,2.949231871911490131e-03,2.375106663124429158e-03,1.820839570588446418e-05,2.463376531237320820e-03,2.504668058951722669e-03,2.463376531237320820e-03,1.820839570588446418e-05,1.725199336882556533e-03,2.142224999293734430e-03,2.122637894727935539e-03,4.662121840039973428e-04,6.193607836253402959e-04,1.733601554411453140e-03,1.703346662895263751e-03,1.504829805049660027e-03,0.000000000000000000e+00,5.845030471505095141e-04,1.231354369101393155e-03,1.201632325372418032e-03,1.172973568243300185e-03,3.148866036438042744e-04,0.000000000000000000e+00,4.682347977897988395e-04,7.843345405877712997e-04,7.619061743870888821e-04,7.404262540865650223e-04,6.646784408119698609e-04,8.485467699916992429e-05,0.000000000000000000e+00,3.560594312686765465e-05,3.995302994237125409e-04,4.890135900007497012e-04
4.175495607433715728e-04,2.302825294732995486e-03,2.435111906806708068e-03,2.508074487773724950e-03,2.584366115488814526e-03,9.822699000201673587e-04,0.000000000000000000e+00,1.864430982249184804e-03,3.022182737953108336e-03,3.098571854572389032e-03,3.064529568473076636e-03,1.631745186106122521e-04,1.600655082950444130e-03,3.468197330196374703e-03,3.531340229605795314e-03,2.537522691410156947e-03,1.321450574058245493e-04,3.080278960993660178e-03,3.109466642770715092e-03,2.922265133371741881e-03,0.000000000000000000e+00,2.530789544538454994e-03,2.644205308399881320e-03,2.530789544538454994e-03,0.000000000000000000e+00,2.122637247649159561e-03,2.258614264973363064e-03,2.237413293232300149e-03,9.598582200469271697e-05,1.308521333350143052e-03,1.821002051094517456e-03,1.788441226631153286e-03,8.254079187020173540e-04,6.769643819827899679e-05,1.271385620165353192e-03,1.285508790478173896e-03,1.253817132023961160e-03,7.734990600215619141e-04,0.000000000000000000e+00,3.181634912229859492e-04,8.370926828616696630e-04,8.123813376148959330e-04,7.887482918617636299e-04,7.458998137209178585e-04,1.352469682742585147e-04,0.000000000000000000e+00,6.699343393529824415e-05,4.607947758054440224e-04,5.180827783330039550e-04,5.019648132087585046e-04
0.000000000000000000e+00,6.071853096009791799e-04,2.522439589271261579e-03,2.599392595075230260e-03,2.679921527653508599e-03,2.756562651801776342e-03,5.109427954352681236e-04,2.150972730304530410e-04,3.018076175219920783e-03,3.237909313829552375e-03,3.322677925727514619e-03,1.751434749647115931e-03,2.997571557137583987e-04,3.645897051906602220e-03,3.713977908987675745e-03,3.751440389181389789e-03,1.432147328222571560e-04,2.745115005163817085e-03,3.283123768523918753e-03,3.315248926148931224e-03,1.382495163919568752e-04,2.583273670191732051e-03,2.795736470042093410e-03,2.583273670191732051e-03,1.004199001698592410e-04,2.408087745191398767e-03,2.384753087640057844e-03,1.993961222922373960e-03,7.385137235711670620e-05,1.934500840781550523e-03,1.915182607805890986e-03,1.880075432534154692e-03,1.545754189327288425e-04,7.266201567336629192e-04,1.378483986145920791e-03,1.343315914897012841e-03,1.252113436663669426e-03,8.923770313104141387e-05,1.654976331938910012e-04,8.928682402402606313e-04,8.680436908676565774e-04,8.419598555256248241e-04,8.170342856937630373e-04,1.966711979242699246e-04,0.000000000000000000e+00,1.067785436755542563e-04,5.247688493726684455e-04,5.498231651557012462e-04,5.322140023131241224e-04,5.154374409696517358e-04
6.107507722549207832e-04,0.000000000000000000e+00,8.331481669683957333e-04,2.695790323262461062e-03,2.780876259007492371e-03,2.870054987719701089e-03,2.556769923550550241e-03,1.122437711217556312e-04,1.217501447931376192e-03,3.386861180391511315e-03,3.477586242657617482e-03,3.537674395870946467e-03,2.966777694837559754e-04,2.550490250015021582e-03,3.911159639661454870e-03,3.986841791990681019e-03,1.236588631315325808e-03,2.063495081528714595e-03,3.471745335184947979e-03,3.506685609594853165e-03,5.047118237907044069e-04,2.623489550038172243e-03,2.960676568049404149e-03,2.623489550038172243e-03,3.666060633147698289e-04,2.547141053602153260e-03,2.521761587838218174e-03,1.498854936321440288e-03,6.376702009925511736e-04,2.055890004519561696e-03,2.016863078292702432e-03,1.315208299001184925e-03,1.230831165164176491e-04,1.467679869043818407e-03,1.442751013821258520e-03,1.405111781770642049e-03,5.051065094475087674e-04,3.635647400718611114e-05,8.281541001245260741e-04,9.296291323554926270e-04,9.007435728271838719e-04,8.731836950684820778e-04,2.698620099253794735e-04,0.000000000000000000e+00,1.552734554071124814e-04,5.888937611930619796e-04,5.845723428726726364e-04,5.652822064998050617e-04,5.469313758119629960e-04,5.294598419193161922e-04
2.537251647485056372e-03,8.380405097628211130e-04,0.000000000000000000e+00,1.098502761550723423e-03,2.887644887324689394e-03,2.982051425681242745e-03,3.081164480127508883e-03,2.108329697401710966e-03,0.000000000000000000e+00,2.595030805254438990e-03,3.643585681574555441e-03,3.744894666728043348e-03,2.171405608157464442e-03,9.387471136997979247e-04,4.124471688129936059e-03,4.206460902841207584e-03,2.811015349452736754e-03,1.279494113629586153e-03,3.677101422816726837e-03,3.715195577488972136e-03,1.021260870252179960e-03,2.652669559600857700e-03,3.140655630112852963e-03,2.652669559600857700e-03,7.418102957219190399e-04,2.698595834109189951e-03,2.670925493488276927e-03,9.293824275981665915e-04,1.449552969746664916e-03,2.169140732377921720e-03,2.126861450731497120e-03,4.840826168984622632e-04,9.008540476027997179e-04,1.553649629389694921e-03,1.511619430613748505e-03,1.076604018975023912e-03,0.000000000000000000e+00,6.829014481259436603e-04,9.980088446253974985e-04,9.659054935731621345e-04,9.353266131278025397e-04,3.558120570789725175e-04,0.000000000000000000e+00,2.130581763190208719e-04,6.450549855022624183e-04,6.227229712150964425e-04,6.015309086521724614e-04,5.814025115774967964e-04,5.389878775892351093e-04,1.581038896385041006e-04
2.614656530276106804e-03,2.711620317118483038e-03,1.104953297341853928e-03,0.000000000000000000e+00,1.407015900423249158e-03,3.100733650106832131e-03,3.205873429150652223e-03,3.316452925409106231e-03,1.539526102133247868e-03,5.190919624465228227e-04,3.821760878219658021e-03,3.930645760203525969e-03,4.044251126314271118e-03,4.800990928115535803e-04,3.701587161960015818e-03,4.444739646953255359e-03,4.390615576320582025e-03,6.024086031334507582e-04,3.901231784959463111e-03,3.942871113010762776e-03,1.668942556181446032e-03,2.671407665419078120e-03,3.337559114805231653e-03,2.671407665419078120e-03,1.212264963052853617e-03,2.863971852376026844e-03,2.833726414452058563e-03,4.218865755093333916e-04,2.264103555646304090e-03,2.292013651311791689e-03,1.908793085900640542e-03,1.991793745880455710e-04,1.677844057773420980e-03,1.630712442424450247e-03,1.585539220853392391e-03,2.153564003387167022e-04,4.986623324948431584e-04,1.074220274084520567e-03,1.038402869329941702e-03,1.004347423707204357e-03,4.557414322434545834e-04,0.000000000000000000e+00,2.809164135942743127e-04,6.893853851982985380e-04,6.647339186487150747e-04,6.413814464499717222e-04,6.192382799188944154e-04,4.715490520850227447e-04,6.645655374822281489e-05,0.000000000000000000e+00
2.695658338098778223e-03,2.797205887359733092e-03,2.904601473462070909e-03,1.415278061195481690e-03,0.000000000000000000e+00,1.763107064811219194e-03,3.338309811831362793e-03,3.455873570970307857e-03,3.579758758632394910e-03,9.229189430569623848e-04,1.872566726152513758e-03,4.130567758740550342e-03,4.253016120536673612e-03,2.690367222657686491e-03,1.891720958570547321e-03,4.703853335509545520e-03,4.803812693935483914e-03,1.282211709366025453e-03,3.972771441467798891e-03,4.192135105750160844e-03,2.435230695753038549e-03,2.679931692827913943e-03,3.553577493603638036e-03,2.679931692827913943e-03,1.768871456047630851e-03,3.045029015685473631e-03,2.885690467218851498e-03,6.636154336074275191e-04,2.477176425933592420e-03,2.425630501473052553e-03,9.755015154798610906e-04,1.116156370308891066e-03,1.764454679638137805e-03,1.713654358439747503e-03,7.768743473461234240e-04,2.989393373783974820e-04,1.159506714355124785e-03,1.119379511214147610e-03,1.081299859126498650e-03,5.710816336005219594e-04,0.000000000000000000e+00,3.598114401269684819e-04,7.384477070735498156e-04,7.111441251427161022e-04,6.853273115124071304e-04,6.608912476039880248e-04,3.696750503480320318e-04,2.218111247873991701e-06,0.000000000000000000e+00,8.132637000695249971e-05
2.772749507828825132e-03,2.886908283923785186e-03,2.999562377975835414e-03,3.118941518206509462e-03,1.773460234255527877e-03,0.000000000000000000e+00,2.171780026496851479e-03,3.604274310982674267e-03,3.736299265357602862e-03,3.601531728118815938e-03,3.469810343265983168e-04,3.591505902714196407e-03,4.478373143614596680e-03,4.616734646279177685e-03,9.722929493345864541e-04,4.930481082759643335e-03,5.095451568064401048e-03,3.141228322056139385e-03,3.277081070732414982e-03,4.465805779563391913e-03,3.302480394677522000e-03,2.678222747781860806e-03,3.791267435746994551e-03,2.678222747781860806e-03,2.398813104027419565e-03,3.243814389124520178e-03,2.380363870774988063e-03,1.619833503853284826e-03,2.627565500176641967e-03,2.542495364597109099e-03,4.280904931169183950e-04,1.915351087417674694e-03,1.857948859460100419e-03,1.490013020734030046e-03,1.127460326883162543e-04,1.166559118165877429e-03,1.210211183805400253e-03,1.167447458263558670e-03,7.034534147735407514e-04,0.000000000000000000e+00,4.508734349746334243e-04,7.929401791120340229e-04,7.625899733501818531e-04,7.339495012560777855e-04,7.049264882128574361e-04,2.511925751608867080e-04,0.000000000000000000e+00,8.212202888731545309e-06,2.452665427149501890e-04,4.445452866773139610e-04
5.139431108688252920e-04,2.571783573473937837e-03,3.099257435788385640e-03,3.224698690243369206e-03,3.357912754743788957e-03,2.184532971033543384e-03,2.875913654548317298e-07,2.638457096869466743e-03,3.903336983720457828e-03,4.052295643470114027e-03,3.121924019187091899e-03,1.007689869498301681e-03,4.722128179620401801e-03,4.872031220305946854e-03,3.337910346658895088e-03,3.192157784863818622e-03,5.414477653220323324e-03,5.178223450473965449e-03,2.319279966069564235e-03,4.767176702588286734e-03,4.231360726506970885e-03,2.666074047790843379e-03,4.053627806037255789e-03,2.666074047790843379e-03,3.073521216043934110e-03,3.462720312227042258e-03,1.682142640161141296e-03,2.670248379151913057e-03,2.792077305227620536e-03,1.646096239869847613e-03,1.384803481683277672e-03,2.021266330146704541e-03,1.959075848348996746e-03,4.180616897439738580e-04,1.011211119527283394e-03,1.312564427931084453e-03,1.264315767117121575e-03,8.546130970364186662e-04,8.310472522109744711e-08,5.553819958520910850e-04,8.536947312562042462e-04,8.198272209009777088e-04,7.879358211440595653e-04,6.538341663298246438e-04,1.306616812168364002e-04,0.000000000000000000e+00,1.408337280327115210e-04,4.332015465737098234e-04,4.726351460842285936e-04,4.545290262981652629e-04
2.107835794638068848e-04,1.129028795812016673e-04,2.120710054237299157e-03,3.335927522146093973e-03,3.476166861929761657e-03,3.625439028322122257e-03,2.653950423361666876e-03,1.789685777298786378e-04,3.168562521901215154e-03,4.241226519303636401e-03,4.410143249919290173e-03,2.424157309616539573e-03,2.819654253243186401e-03,5.149104593276129446e-03,5.319970928521558506e-03,2.088719249648262298e-03,5.764430622134338912e-03,5.900266971951750351e-03,2.575231304103275422e-03,5.100116346462640719e-03,5.098378080345874683e-03,2.714746545686528168e-03,4.344194720518031530e-03,2.695147461351858793e-03,3.703294096197774776e-03,3.704556715514426262e-03,1.596175576702165647e-03,3.042583710244417712e-03,2.972537139948835862e-03,9.705044987498138726e-04,2.207103696372591725e-03,2.136216143569623881e-03,1.169793859485470560e-03,7.852000279000018656e-04,1.428473552084535839e-03,1.373760344708910850e-03,1.026317628286790764e-03,5.171620660944093844e-05,6.747237521994223350e-04,9.217089373739137653e-04,8.837589156551148859e-04,8.481053432628504751e-04,5.391560567697693861e-04,2.870372177060322142e-05,3.991175955912475522e-05,3.459491607203084448e-04,5.246150156530690958e-04,5.034740287112259537e-04,4.835856732421504227e-04,4.648529088296389066e-04
2.957549811508879915e-03,1.193084921913236361e-03,0.000000000000000000e+00,1.548566378199102813e-03,3.600779517801308473e-03,3.758239248561967907e-03,3.926257831806112542e-03,3.187168689013188290e-03,5.353081524016565802e-04,3.766486149013756075e-03,4.624966857069416626e-03,4.817572542160651443e-03,1.811039122306269244e-03,4.972060788377734991e-03,5.636722873684083673e-03,4.155457983505707852e-03,4.879412607136282727e-03,6.299197689278462735e-03,3.907051033735097975e-03,5.469192850473744705e-03,5.538411789583996304e-03,3.146391433718629706e-03,4.667161324171298711e-03,2.999304159523522809e-03,4.022920105071364077e-03,3.972641745068944755e-03,2.090061251803643737e-03,3.248299842721870216e-03,2.516160944006094573e-03,1.723980600410019402e-03,2.338515013914453135e-03,2.062765735388595329e-03,6.045644024921276605e-04,1.560442500785229249e-03,1.498056289829613214e-03,1.219988908128492736e-03,1.546869699725251677e-04,8.102858281806140381e-04,9.981872280127280454e-04,9.554712345533917378e-04,9.154396576919934109e-04,3.936978279740762179e-04,0.000000000000000000e+00,2.259100004760789036e-04,5.600104963648066788e-04,5.607724778725789276e-04,5.374327079923827246e-04,5.155203115207758610e-04,4.949212270594430252e-04,4.235558028282284228e-04
3.172974280578467424e-03,3.318938974409337082e-03,2.542988454683095360e-03,5.086817716181793762e-04,9.283384302745424643e-04,3.622680340693175145e-03,4.076091194105254008e-03,4.266131493983312852e-03,3.788603393104728653e-03,1.050602162681421158e-03,4.432877741892379993e-03,5.063245187548930451e-03,5.190358425244935570e-03,2.562823182804787464e-03,5.982629741170721743e-03,6.197034878649168750e-03,3.809174134086722435e-03,6.739998704681933114e-03,6.185010814707761657e-03,5.140791424822141464e-03,5.957017650837568949e-03,3.843882328542323409e-03,5.027529921455882282e-03,3.493291009718711010e-03,4.326981630165041386e-03,3.734101754187160293e-03,3.189417231791876872e-03,3.475607182423850246e-03,1.813136146175487427e-03,2.570972430298127786e-03,2.482021874400737200e-03,9.916156658934761545e-04,1.681190228103638783e-03,1.640017438949476500e-03,1.435837399166880243e-03,3.035904916871563341e-04,9.631908247001685604e-04,1.084594581593767209e-03,1.036279924667957196e-03,9.210075858898147992e-04,2.360149547150761952e-04,9.631862506832730665e-05,4.815135221781799099e-04,6.284393436860614404e-04,6.008010059221880698e-04,5.749466420192858324e-04,5.507259576087998295e-04,4.911109399791182021e-04,2.092503601626111512e-04,2.568021832752454324e-06
3.256042890376700544e-03,3.407844580241072355e-03,3.570514963881604199e-03,3.745116925084547750e-03,1.835013116448795624e-03,3.489168922808952257e-04,3.140256319594969536e-03,4.436040123258425637e-03,4.652125199578454467e-03,4.458908114808670525e-03,1.736801001710451715e-03,5.156364808212971461e-03,5.566907971444321965e-03,4.757216682385464850e-03,4.331331702736936247e-03,6.596663074546951951e-03,5.365750725005390652e-03,6.917463379749731224e-03,7.419899119652415345e-03,5.320894596208438146e-03,6.424939934456001464e-03,4.778970537355484334e-03,5.431306846274257596e-03,4.156375270610181312e-03,4.666864981908535985e-03,3.584863515978402564e-03,3.826210627490221269e-03,3.567120182101980209e-03,2.242563025896154080e-03,2.736766732596284703e-03,1.786876560508900754e-03,1.540892852504812272e-03,1.803157029931469956e-03,1.670179478538962731e-03,5.018800539361174123e-04,1.133604903638462313e-03,1.182727206480792487e-03,1.127791088531658950e-03,7.983591208690509920e-04,8.845714790754826654e-05,3.474587654211467994e-04,7.091359137890005824e-04,6.760751245576453877e-04,6.452735732424667598e-04,6.165300033593300744e-04,5.686300229450572943e-04,2.614202770906151022e-04,1.307103688064215329e-05,0.000000000000000000e+00,5.077378680578848038e-05
1.716310395416230546e-03,3.466727688516842674e-03,3.669792236074052947e-03,3.851818162393143112e-03,4.047730801691111317e-03,3.519479625072832740e-03,9.874810344627695663e-04,2.438392242870108303e-03,4.845861887620963628e-03,5.092977151314357145e-03,5.186643581205461692e-03,2.617546672108246771e-03,5.872943303229165996e-03,6.149638522036404362e-03,4.557729077441332807e-03,6.902184170465266479e-03,7.310318777012592834e-03,6.273302111441766971e-03,7.985926636586218597e-03,6.674368054204094305e-03,6.950240868581232002e-03,5.948863187706657923e-03,5.885754365559336260e-03,4.986276262133463796e-03,5.048426297569372743e-03,3.990649034499593913e-03,4.118093369535570300e-03,3.023787787065176924e-03,3.032842060828767807e-03,2.863518692180490235e-03,1.535532909254334194e-03,1.991907175298672505e-03,1.902283827562379140e-03,7.563874408664819594e-04,1.318619815813754917e-03,1.294806648666797485e-03,1.231981610008479324e-03,6.199215889494603298e-04,1.869790128668341307e-04,6.664116100811109554e-04,7.664356916611647468e-04,7.293397367763265445e-04,6.948732236672164071e-04,6.564230587269374298e-04,3.249824678228944910e-04,3.027738130385616359e-05,0.000000000000000000e+00,1.308363531626203287e-04,3.186506719733010252e-04,4.213802223128840924e-04
2.592800293980622971e-04,2.907280102536246896e-04,2.127858898938032785e-03,3.963145216324359850e-03,4.167723508410419581e-03,4.388561082557383697e-03,4.627427704517574417e-03,2.763107165309348998e-03,1.816555595182113309e-03,5.220836812704514329e-03,5.599597501570074097e-03,5.907429908364823963e-03,3.726696235046156845e-03,6.505705159226092028e-03,6.828896275784398021e-03,5.820569532668518932e-03,7.824454050984284287e-03,7.717005650883872712e-03,8.619282947189766536e-03,8.732324697441265840e-03,7.542700137474765351e-03,7.354623323571850106e-03,6.399719522721073785e-03,5.983474864042940405e-03,5.478769218034429574e-03,4.758661317825107345e-03,4.444695471200371499e-03,3.317563958399694611e-03,3.246142072965077594e-03,2.157530789841742742e-03,2.211923097977627935e-03,2.107239432139639945e-03,1.076896262500187749e-03,1.501868022303982182e-03,1.423606637037393976e-03,1.327312889073066450e-03,4.492778931279551528e-04,5.231928838975690842e-04,8.762009943552100891e-04,8.309717255163989215e-04,7.891562473686454830e-04,7.504194557005012048e-04,4.029089598259775942e-04,5.504919534936776615e-05,4.541303200729241964e-05,2.424982994703783811e-04,4.421070605800958586e-04,4.691084170749611378e-04,4.479763814619707298e-04,4.282407457430753984e-04
3.153580412616866901e-03,2.206089744309026358e-03,8.119852173599275682e-04,4.704708890745370954e-04,2.636412936688422009e-03,4.524147798189535365e-03,4.774324497038668833e-03,5.045841269454916407e-03,4.872348010369795604e-03,2.531841594158372195e-03,4.785151611227700039e-03,6.185749913631122948e-03,6.543907415466481380e-03,5.109726774195867335e-03,7.246522992443747008e-03,7.627239965903739871e-03,8.010235933011991549e-03,8.752943204586366086e-03,9.705615506185670538e-03,9.738501231841176567e-03,9.408435131301908297e-03,8.983694186327648157e-03,6.984067998635076595e-03,7.138519144176663084e-03,6.549945447532489959e-03,5.048455296776979163e-03,4.711911452901913072e-03,3.631345652174580631e-03,3.173698416436750505e-03,2.470511715667069765e-03,2.347195057545539785e-03,1.476547944471865662e-03,1.663682081828952780e-03,1.572626359239144437e-03,1.216547009149058362e-03,5.307931039839326823e-04,9.225765250449021251e-04,9.554273821152818114e-04,9.040158245142891841e-04,8.566449985839105948e-04,4.992033985538327700e-04,8.908341461928152209e-05,1.422196331550179050e-04,3.863977661598261954e-04,5.523512495282464517e-04,5.254298466663260246e-04,5.004297388013850215e-04,4.771723597556831340e-04,4.554994164574736469e-04,4.352701883812905184e-04
3.212468103165551630e-03,3.383023781158035152e-03,3.567531650757260666e-03,3.201750516638391959e-03,1.636276086831677141e-03,9.246030501175016986e-04,3.270969830930219036e-03,5.213280945678962913e-03,5.523680551693624374e-03,5.862650389212784030e-03,4.247338359438623638e-03,4.567603699469456255e-03,6.868996347795282634e-03,7.289075417036277801e-03,6.826797868204809161e-03,8.121477415907747688e-03,9.105937734270633591e-03,9.953498521597822085e-03,1.134049147895999088e-02,1.046003925730494902e-02,1.163044263952850432e-02,1.075081601911662826e-02,7.652263143735409286e-03,8.389109266514677143e-03,7.446215397451071139e-03,5.393241060351771331e-03,5.003251838931230266e-03,4.081789889138730254e-03,3.086177919498323680e-03,2.630598380832277657e-03,1.972726684825401849e-03,1.853128932686573267e-03,1.746330658188399547e-03,1.119820460616279814e-03,8.114555609757526013e-04,1.110089757981586002e-03,1.045905998092532202e-03,9.871319964648037158e-04,6.193564116774774239e-04,1.720618354027439890e-04,2.865946076779080347e-04,5.607882683020714220e-04,6.248550241952379423e-04,5.925383748676381086e-04,5.626654591568535507e-04,5.349959586248057529e-04,5.093183859503897350e-04,4.854460317128912110e-04,3.494059964397105349e-04,1.764926362361853354e-04
3.244871909983181989e-03,3.448486340789366517e-03,3.638449610830787190e-03,3.844552846735857423e-03,4.068677620759497335e-03,4.264703129573480314e-03,2.761110947734019515e-03,1.928250939715558682e-03,4.072121862515559569e-03,6.072755713638435665e-03,6.464369518868185588e-03,6.763763506026031734e-03,5.777163297874580994e-03,7.672028004779304564e-03,8.169167674488414521e-03,8.957580739627761524e-03,9.165020061916669125e-03,1.157299815775889203e-02,1.071988778454578684e-02,1.439280487631780514e-02,1.439522260593280312e-02,1.200591271715894214e-02,9.400902403195850882e-03,9.262647046628883635e-03,8.484559212889699817e-03,7.015573053904836098e-03,4.452515896059298581e-03,4.201669152122781276e-03,2.968608505633402953e-03,2.588454923917111235e-03,2.076878082257194863e-03,1.950488402796480203e-03,1.278478718051146963e-03,1.280715051210365787e-03,1.224024957706457747e-03,1.149873090307093008e-03,7.710541261591347551e-04,3.524469838652098631e-04,4.836100186205379318e-04,7.469649713267425889e-04,7.126310015000570514e-04,6.733754307567485584e-04,6.372763417883738502e-04,6.040041762358290978e-04,5.683410027750157708e-04,3.844331886919081782e-04,1.819632855279457889e-04,3.133343407136337307e-05,0.000000000000000000e+00,0.000000000000000000e+00
1.238760090579754029e-04,1.069608283136079139e-03,2.431435342082335568e-03,3.797737315038649496e-03,4.155139161033909699e-03,4.407397145260215712e-03,4.683344161574194003e-03,4.986041909862844873e-03,4.220530586538067362e-03,3.467208949097225126e-03,5.239359387888505894e-03,7.163713129092234670e-03,7.667537616727724756e-03,7.892209507474066965e-03,9.120444921043940889e-03,9.218838124107378920e-03,1.160850748952179171e-02,1.056627864195005401e-02,1.495687748150053425e-02,1.670037460755929848e-02,1.610862060697686171e-02,1.423862488467287149e-02,1.232984990219211478e-02,1.055569394596213642e-02,8.919742232224385156e-03,7.517749328699336632e-03,5.738111829735693947e-03,3.435480459375473295e-03,3.354488141831636801e-03,2.343739730502554779e-03,2.223169217314075255e-03,1.601662298968747336e-03,1.451844202227945205e-03,1.356445301318969518e-03,9.900635690660315041e-04,6.281464690937883354e-04,7.392281274388126265e-04,8.733078338813046433e-04,8.202901658276516269e-04,7.719579023931073770e-04,7.277747852499947363e-04,6.651756660300187345e-04,4.258671648178712315e-04,1.873424471221031866e-04,2.169694741760749130e-05,2.201184787504919231e-05,1.069136197144239400e-04,2.091788071775899809e-04,3.088614084577449587e-04,3.864795239620881376e-04
2.348879525672692772e-03,1.765646007257184059e-03,1.094809332603602836e-03,5.161486292471542930e-04,1.108963869534597890e-03,2.717058646187839842e-03,4.478992087016929469e-03,5.103535861558916413e-03,5.448597742967449184e-03,5.829876047935239440e-03,5.983377124695637289e-03,5.667064940233479918e-03,7.429925194400046826e-03,8.577406275368775618e-03,9.767460874626236397e-03,1.151181380104918453e-02,1.062462113712380786e-02,1.492366159985016906e-02,1.524941815515370828e-02,1.800558265251436113e-02,2.094853775276628999e-02,1.961337051998948006e-02,1.634967015466470830e-02,1.349431416275729406e-02,1.045788917251682174e-02,7.293508064362504671e-03,5.202022941435995723e-03,4.312461865971395358e-03,2.692053669482200821e-03,2.609981236791952732e-03,1.883638281689245693e-03,1.624127352682273959e-03,1.392718544247197911e-03,1.021737943249311767e-03,1.047991615499002747e-03,1.021105822064555116e-03,9.543247286367792688e-04,8.938869606325022419e-04,7.844977936801691065e-04,4.758942350919877955e-04,1.944273668473291258e-04,9.922321024537186145e-05,2.131296496374452093e-04,3.437233349258895284e-04,4.572630643883013476e-04,5.130924548608194061e-04,4.867717070783850923e-04,4.624255207356918495e-04,4.398612171237746842e-04,4.189090588759192464e-04
2.809231010587211370e-03,2.970626556929327824e-03,3.146341129471143857e-03,3.338120059580927407e-03,3.399333536659292568e-03,2.804060528077156368e-03,1.984621101482146252e-03,2.215640051324636005e-03,3.376142359337544040e-03,5.349829871604941389e-03,6.417967428644887930e-03,6.907562517313433313e-03,7.455394786543893121e-03,8.729226052135143077e-03,1.077267354807483896e-02,1.049903999845214903e-02,1.479004635305503773e-02,1.525691776432449437e-02,1.910141365183174941e-02,2.230241224380380416e-02,2.619625998597990835e-02,2.620106632240457728e-02,2.157672179745199689e-02,1.672205996454729712e-02,1.176306302440920624e-02,7.934950471334053027e-03,5.519698862677020063e-03,3.699926861685405403e-03,3.135598384450658232e-03,1.987361253623848040e-03,2.003440834884929848e-03,1.569370664277262373e-03,1.305816274606026511e-03,1.209863167708637383e-03,1.124110333277325222e-03,9.370254845959009177e-04,5.973043086890712653e-04,4.093344738720386899e-04,3.861509978258709013e-04,5.458744460006972150e-04,6.617579372895846098e-04,6.498413354354716769e-04,6.125071851273568941e-04,5.783003290413051781e-04,5.468809985509975533e-04,5.179543454507076934e-04,4.912634992723799790e-04,4.665838449669469038e-04,4.437182818105382936e-04,4.224932758520993231e-04
2.836719157663909405e-03,3.000523481112256970e-03,3.178936696428856252e-03,3.373749082386339176e-03,3.587033803766528049e-03,3.821202296265998818e-03,4.079072727703149034e-03,4.363955186656622541e-03,4.679758437903914527e-03,4.398759141530870706e-03,4.565239300434477225e-03,5.748857104616462640e-03,7.541876107181945052e-03,8.422305759572635414e-03,9.048358154581057425e-03,1.291281634120982139e-02,1.569331381447575460e-02,1.758125552628154314e-02,2.220674721084709910e-02,2.624593234532109076e-02,3.356469957380608937e-02,3.736510029862201432e-02,3.023035633451416279e-02,2.109479345151005561e-02,1.298337348689036948e-02,7.610312693992384546e-03,5.164298760033898990e-03,3.534663438482593505e-03,2.899724752231649157e-03,2.317779210962121316e-03,1.584917821232169864e-03,1.477281215429414969e-03,1.341233670705670742e-03,1.050431673289634439e-03,8.662831098270745451e-04,8.563189650974598575e-04,9.110218981113224306e-04,8.495435801172216425e-04,7.940847007886844833e-04,7.438843297584476480e-04,6.982980826592731722e-04,6.567773387387909135e-04,6.188526569447291154e-04,5.841204483868290068e-04,5.522321943996007405e-04,4.867715586877240054e-04,3.956295269911791457e-04,3.036340558336800190e-04,2.180036606898124634e-04,1.422910729155728684e-04
1.182943001937396607e-04,4.318606932812455649e-04,8.738500004529466169e-04,1.428043995375025610e-03,2.083724547344449618e-03,2.825793661978052290e-03,3.620597518694371880e-03,4.362467825404305749e-03,4.738986174650463082e-03,5.097169615043820913e-03,5.497551045158677839e-03,5.947028974739899075e-03,6.453971468544764806e-03,8.062951460965089509e-03,9.995939995276596074e-03,1.240449772523221673e-02,1.392558155443463300e-02,1.875661431262230436e-02,2.452815580558240921e-02,3.275522460418188453e-02,4.318760104158067548e-02,5.726418621460015873e-02,4.901342781970159657e-02,2.677150158860160806e-02,1.264990659916837706e-02,7.153958664317252442e-03,4.620164284540847002e-03,3.381106356384807124e-03,2.491488223285785730e-03,2.256802751559988315e-03,1.865653574381479331e-03,1.546874280117294109e-03,1.256412999869180877e-03,1.157725061363907518e-03,1.070223913174378049e-03,9.922805203108912755e-04,9.225519302417513291e-04,8.492540312678002225e-04,7.048320265982528600e-04,5.501052970501736899e-04,4.056445898761308860e-04,2.780013901392198094e-04,1.701148673891378826e-04,8.407155064374928163e-05,2.302868819582092814e-05,0.000000000000000000e+00,3.283685260137403887e-06,1.063741004602429907e-05,1.961306886466676996e-05,2.942522677000458949e-05
2.235814135669445327e-03,2.270620836049890012e-03,2.295876030113158141e-03,2.312093793777716174e-03,2.319471309057425951e-03,2.317992223223378206e-03,2.307477566768915706e-03,2.348898755491724173e-03,2.717902031196855334e-03,3.314260928996317669e-03,4.113796541923895808e-03,5.114110064706280101e-03,6.316100626414347316e-03,7.709012031229200111e-03,9.219877787220505383e-03,1.029244055966599576e-02,1.221390122432824445e-02,1.685151834344017843e-02,2.261342159342387761e-02,3.315440629152733437e-02,5.349560225126143154e-02,9.418999573136598025e-02,1.089331655314184355e-01,3.050341024303728638e-02,1.100841708821817706e-02,6.122359381972255869e-03,4.213522474091973072e-03,3.203725068551513139e-03,2.376449569036181118e-03,2.027129207604587511e-03,1.819981387374996692e-03,1.527285529931085746e-03,1.257347343143045033e-03,1.024387443587613990e-03,8.305141104050900967e-04,6.755649222758132542e-04,5.600177762753647372e-04,4.885889091319826731e-04,4.807973307794722651e-04,4.829882161125192150e-04,4.832964056833497900e-04,4.817591904551923139e-04,4.783799777627584758e-04,4.731176817955912335e-04,4.658651871767195848e-04,4.564002484428162135e-04,4.442430479022522962e-04,4.284660865465354145e-04,4.069887048882098136e-04,3.870866304283352680e-04
2.419699930152106795e-03,2.562454995911777993e-03,2.718226231352009834e-03,2.888645494133841498e-03,3.075608629497671945e-03,3.281328425538919662e-03,3.508400389033557165e-03,3.759885015788474831e-03,4.039411457810209577e-03,4.351309191742690555e-03,4.700776678127537023e-03,5.094099383058788184e-03,5.538934391011504123e-03,6.044685909977923037e-03,6.623006421675832998e-03,8.163117278441565927e-03,1.075358923230711715e-02,1.431384021857093694e-02,1.894678503850049170e-02,2.668146565851635746e-02,4.384254168829788273e-02,1.041656196297345571e-01,0.000000000000000000e+00,2.470908675756757975e-02,8.793450116670140093e-03,5.355963090782019098e-03,3.824946099780614835e-03,2.908792602692928872e-03,2.203581745873917780e-03,1.688866045009382961e-03,1.380002065951153574e-03,1.259500370782465697e-03,1.154119506474773904e-03,1.061431504848645794e-03,9.794768590530163969e-04,9.066601014524981999e-04,8.416715615375094158e-04,7.834280626009096664e-04,7.310274936778726491e-04,6.837136668761021555e-04,6.408488822950631414e-04,6.018923274268125814e-04,5.663829349027309007e-04,5.339256771202614263e-04,5.041805322222301690e-04,4.768535425207031764e-04,4.516895238639164032e-04,4.284660865465354145e-04,4.069887048882098136e-04,3.870866304283352680e-04
2.235814135669445327e-03,2.270620836049890012e-03,2.295876030113158141e-03,2.312093793777716174e-03,2.319471309057425951e-03,2.317992223223378206e-03,2.307477566768915706e-03,2.336711106302654609e-03,2.626436120470822776e-03,3.096246458034650553e-03,3.726636990574585216e-03,4.515527418571187342e-03,5.463454853503760256e-03,6.561593829329589490e-03,7.751255432386642413e-03,8.586546597788596857e-03,9.871087975730823139e-03,1.282484693331601908e-02,1.617071978594366091e-02,2.113580472551062489e-02,2.880310259536167372e-02,3.758388515996084062e-02,3.333743557925621798e-02,1.304728680679025955e-02,7.494382639773618585e-03,4.857672644234176801e-03,3.462750291801236502e-03,2.646752405402944767e-03,1.973291284458039002e-03,1.693882643064692278e-03,1.533085856180163228e-03,1.303137263732452762e-03,1.090782901893044615e-03,9.074542608250764104e-04,7.548824514044614586e-04,6.329757724859946897e-04,5.421499010128201426e-04,4.862080505834213669e-04,4.807973307794722651e-04,4.829882161125192150e-04,4.832964056833497900e-04,4.817591904551923139e-04,4.783799777627584758e-04,4.731176817955912335e-04,4.658651871767195848e-04,4.564002484428162135e-04,4.442430479022522962e-04,4.284660865465354145e-04,4.069887048882098136e-04,3.870866304283352680e-04
9.477003326375382786e-05,3.459799178873488668e-04,7.000742510402016127e-04,1.144059998851553123e-03,1.669350461864303747e-03,2.263850066347805699e-03,2.900597465130352187e-03,3.494937797074870560e-03,3.796580872219080735e-03,4.083535159154376426e-03,4.404295849974053725e-03,4.764389601473247894e-03,5.170520386490055735e-03,6.233000693604282341e-03,7.209159571065561732e-03,8.365186271718037109e-03,8.926360786512613221e-03,1.084719535554316307e-02,1.278223536692814181e-02,1.520562725614842993e-02,1.636285442653521299e-02,1.662492118833018215e-02,1.301314217660896194e-02,8.162421537660110443e-03,5.732965123647184962e-03,4.418081562331805170e-03,3.353506234136932954e-03,2.654583718045171355e-03,2.043904045518548599e-03,1.844782471297099977e-03,1.512831432460424747e-03,1.243711536452399638e-03,1.005690696251295389e-03,9.266963356411239087e-04,8.566563960235951212e-04,7.942669229401184972e-04,7.384529554767477535e-04,6.797819491591235467e-04,5.641799405479042562e-04,4.403295566502371267e-04,3.246965687760432141e-04,2.225250866053204643e-04,1.361677564981653794e-04,6.729473215468819141e-05,1.843322018143759438e-05,0.000000000000000000e+00,3.283685260137403887e-06,1.063741004602429907e-05,1.961306886466676996e-05,2.942522677000458949e-05
2.272602893727281286e-03,2.403832726073574805e-03,2.546766293646615057e-03,2.702837856411217151e-03,2.873708305002117738e-03,3.061309531664367384e-03,3.267899277112902394e-03,3.496129378369376359e-03,3.749131294577433358e-03,3.524012141577073827e-03,3.434020082852653425e-03,3.921800079288350650e-03,4.778569009371855594e-03,5.132140581511305567e-03,5.490221189448151601e-03,7.326761036948530384e-03,8.151799399842627261e-03,8.358535355567343200e-03,9.768038908649755853e-03,9.930722814915951893e-03,1.026095722719895693e-02,9.997627501063208535e-03,7.970913389303635813e-03,5.848529273675002679e-03,4.360603338749154817e-03,3.527530865571297872e-03,2.986524218745359449e-03,2.344603214035561635e-03,2.132205906456065888e-03,1.818664608367384031e-03,1.311331778951414437e-03,1.221860017205162602e-03,1.104386030497663158e-03,8.574835898208055078e-04,6.988578456969600462e-04,6.854370468243493062e-04,7.292237879639487360e-04,6.800137173627346810e-04,6.356218820577511173e-04,5.954391984189082729e-04,5.589498715897320193e-04,5.257147603113475603e-04,4.953581023950809088e-04,4.675568467485884485e-04,4.420320230178622733e-04,3.896343223310783088e-04,3.166800522589174188e-04,2.430426500273363279e-04,1.745001471071496086e-04,1.138963129207810925e-04
2.250581100550846491e-03,2.379881170549262136e-03,2.520652753435682729e-03,2.674294100111091962e-03,2.723334529357519188e-03,2.246438831661601472e-03,1.587956231366414485e-03,1.556190777853221118e-03,2.108262277072938881e-03,3.246586487041325329e-03,3.894794194989869771e-03,4.191908839219909109e-03,4.524365176175396998e-03,4.930068177698779426e-03,5.478404678346252520e-03,5.023081120890660750e-03,6.780657000860450430e-03,6.589173726761959893e-03,7.224172328589130790e-03,7.106237042202780824e-03,7.242971681489931285e-03,6.970510145674643429e-03,5.657871636636105026e-03,4.533995198807806888e-03,3.463823091415873558e-03,2.886832566787404970e-03,2.577968619253648286e-03,2.065441753203424869e-03,1.970562449947520570e-03,1.381810550276433821e-03,1.451474978394065758e-03,1.227063232212910818e-03,1.080544169933522021e-03,1.001144355226615086e-03,9.301851191518577993e-04,7.753750999655070319e-04,4.926506725675918645e-04,3.329848923728539784e-04,3.091417251804368322e-04,4.369429890660677133e-04,5.297014602458869096e-04,5.201628645636573308e-04,4.902788951831845484e-04,4.628981557946784263e-04,4.377486799775410814e-04,4.145944576798736092e-04,3.932298779760552872e-04,3.734751486599333331e-04,3.551725012555044503e-04,3.381830312145997367e-04
1.881776133050835475e-03,1.414525725801713462e-03,8.770931202802215599e-04,4.009977773489464934e-04,6.748918940851748741e-04,1.648868486833974991e-03,2.718111703412375707e-03,3.097121022896689307e-03,3.306524549412559206e-03,3.537906298443604415e-03,3.631059638552924362e-03,3.174350058441371795e-03,3.679066844640364528e-03,4.099060851826856304e-03,4.638471002784951003e-03,5.132457985349815621e-03,4.494043134250346599e-03,5.644142634465556044e-03,4.963250754011151906e-03,5.263784357015754284e-03,5.541385803423745302e-03,5.272853787125544520e-03,4.257959202222022510e-03,3.612110834506173773e-03,2.971262645055139633e-03,2.272242340794115856e-03,2.003018999535859969e-03,2.014130052886693983e-03,1.448149099290766502e-03,1.546336347327774332e-03,1.287508392201883525e-03,1.128416322841037031e-03,9.907737506500585191e-04,7.938907458369870093e-04,8.671979759237672530e-04,8.449503688793580684e-04,7.896899753856862761e-04,7.396785923674135997e-04,6.491606313779246318e-04,3.937956290127914583e-04,1.608341399831406647e-04,7.972773689427630221e-05,1.705987647039900672e-04,2.751319510825446621e-04,3.660143676024948402e-04,4.107027770518067284e-04,3.896344411097818158e-04,3.701466348736186457e-04,3.520851294512318801e-04,3.353140592550088537e-04
7.517513392544373065e-05,6.491002296892436473e-04,1.475535730139066002e-03,2.304686867479374592e-03,2.521578998911650459e-03,2.674663747864934778e-03,2.842124372932548250e-03,3.025818890858774333e-03,2.561262301653103018e-03,1.914606786533020258e-03,2.522063594865963515e-03,3.423470347382787972e-03,3.664243276536078946e-03,3.679619650800994984e-03,3.933055510770449778e-03,3.892660915744201432e-03,4.390348280530548958e-03,3.521070027072802176e-03,4.517458058188812513e-03,4.590510001096009471e-03,4.184028545066530332e-03,3.873653871077002535e-03,3.183189773423657914e-03,2.791515001536927325e-03,2.484257831776308552e-03,2.180359751262671199e-03,1.887780188905185041e-03,1.409546844810270153e-03,1.566709593846633657e-03,1.257123135749335348e-03,1.236625337261098266e-03,1.046222956823849616e-03,1.008716892373299383e-03,9.424353432146096582e-04,6.911637999404199578e-04,4.828619744470652041e-04,6.117006342227411259e-04,7.226496612185517128e-04,6.787783040966397950e-04,6.387840518503622080e-04,6.022231584330365846e-04,5.504232883965258158e-04,3.523989485035679747e-04,1.550231781878677367e-04,1.795391165922121727e-05,1.761929446569831742e-05,8.557857381334048417e-05,1.674363288611220102e-04,2.472268632602235257e-04,3.093559693992113300e-04
1.969176132318989098e-03,2.092741156906148623e-03,2.208021866826304861e-03,2.333097242433373412e-03,2.469109130702647637e-03,2.588068758074866995e-03,1.675601973758858356e-03,1.036539415471864328e-03,1.946028295108143688e-03,2.902112178126124622e-03,3.089260689752759172e-03,3.232338227720764085e-03,2.602573231886333004e-03,3.239519249242814487e-03,3.449436826261772279e-03,3.387765329301527066e-03,3.060131271311796602e-03,3.622479952016205082e-03,3.057681021173150066e-03,3.796495182998302267e-03,3.785719298376484000e-03,3.280591818462687617e-03,2.402548816078543727e-03,2.434496482787157010e-03,2.334679832451394370e-03,2.003459231022097255e-03,1.313087266117865049e-03,1.489943824018072393e-03,1.224002626365872440e-03,1.208934714053324332e-03,1.113985249026090826e-03,1.046192998844822650e-03,7.737018933317251195e-04,8.898192412726664774e-04,8.504319193686910028e-04,7.989124511420162521e-04,5.357154168452151139e-04,2.656082860121299636e-04,4.001803288135037488e-04,6.181027611676750445e-04,5.896918953756312117e-04,5.572084756718198671e-04,5.273369991990233202e-04,4.998047611590953482e-04,4.702939984937759880e-04,3.181129297038839802e-04,1.505719994020369903e-04,2.592796564739719597e-05,0.000000000000000000e+00,0.000000000000000000e+00
1.949511626368773381e-03,2.053014685858114800e-03,2.164984742957133321e-03,1.943007574384145782e-03,9.929870594152213036e-04,4.692099591109880042e-04,1.563165361535391942e-03,2.491377363734443521e-03,2.639714382244444033e-03,2.801704842567503528e-03,2.023567599989750578e-03,1.964191247323941389e-03,2.900438564327363026e-03,3.077817248315802001e-03,2.581901274496927953e-03,2.711700229980117029e-03,2.967493015691981869e-03,2.865905328981344959e-03,3.147492762762818183e-03,2.671417268905532973e-03,3.119653652299091487e-03,2.929503711868739705e-03,1.940881795938694063e-03,2.201091189131263240e-03,2.018114919932549947e-03,1.524315192346613074e-03,1.457009533429535130e-03,1.223955158386384181e-03,1.199322357420791810e-03,1.084635889489074870e-03,9.213595912327852359e-04,9.939718239564251847e-04,9.366879114202091190e-04,6.197904169314712814e-04,5.593016450798296178e-04,7.712716620752161798e-04,7.266778670132061383e-04,6.858426808525376357e-04,4.303184004868133719e-04,1.244749384558510759e-04,2.371529123070398857e-04,4.640442194394766174e-04,5.170585376963090628e-04,4.903169755778100233e-04,4.655975678495346409e-04,4.427014544633717632e-04,4.214536327054788480e-04,4.016996032179083399e-04,2.891284323337530945e-04,1.460451158634439495e-04
1.913775166522979805e-03,1.338782975340896539e-03,4.927596386475863698e-04,2.248335617339513128e-04,1.259916659079409135e-03,2.162047189100889735e-03,2.281604253249360295e-03,2.411359535521794516e-03,2.328448757654845869e-03,1.165874683071593983e-03,2.020533651006051288e-03,2.611937274437327403e-03,2.763169532809373226e-03,1.932503396954424104e-03,2.419559528254818740e-03,2.546678062435142262e-03,2.365683197032244188e-03,2.497890273926532938e-03,2.565763597905675042e-03,2.489701877061803372e-03,2.577971597755507500e-03,2.436962527184735952e-03,1.771404117387929966e-03,1.867861979089685586e-03,1.749922508980872315e-03,1.425247694998513963e-03,1.346615063336286311e-03,1.071181731783787689e-03,9.986528428020341550e-04,1.018629712441300027e-03,9.677843708851526297e-04,6.896199159361060798e-04,8.923572905214766484e-04,8.435172875039587993e-04,6.525252659347469250e-04,3.368889334878077003e-04,6.409906268811481475e-04,6.638148489326477957e-04,6.280949648460754792e-04,5.951825130497182502e-04,3.468381111958677011e-04,6.189365568210977459e-05,1.176846991756964043e-04,3.197385892784482156e-04,4.570627078555237577e-04,4.347856345224805435e-04,4.140984051422819242e-04,3.948532587733187679e-04,3.769192101773586722e-04,3.601798151452588774e-04
1.573461324951218017e-04,1.389361500553281748e-04,1.016883522924237442e-03,1.893949392719143253e-03,1.991715412107972118e-03,2.097251587699621236e-03,2.211403673709216693e-03,1.320462625542927031e-03,7.778053777151627607e-04,2.204502035364806680e-03,2.364434004027080212e-03,2.494416455437725461e-03,1.409439966538648340e-03,2.172206025211782625e-03,2.280117108407318620e-03,1.798263220616733897e-03,2.232920654905851988e-03,2.167728604762183316e-03,2.201136039180647246e-03,2.256395689841107430e-03,2.090253215835354179e-03,1.983084388733220502e-03,1.623192889143055704e-03,1.560186115121209305e-03,1.453682597519134409e-03,1.329684258300025713e-03,1.256195336617697139e-03,9.712903934418857122e-04,9.575535959383731782e-04,7.439142312084239678e-04,9.120096759496025812e-04,8.688470016932456526e-04,5.029630854844462789e-04,8.055642924462414183e-04,7.635868506791365249e-04,7.119373023873498034e-04,2.467838080239815853e-04,3.635056014599291401e-04,6.087696894502018976e-04,5.773451554420831917e-04,5.482924656937082338e-04,5.213787954444898658e-04,2.799343574478171883e-04,3.824725351058199448e-05,3.757863026275758410e-05,2.006638520342892730e-04,3.658372284725881665e-04,3.881804622859559486e-04,3.706940070131164045e-04,3.543630525513808988e-04
8.202084086465781694e-04,1.656716179196331953e-03,1.753758794476894005e-03,1.840747252833440598e-03,1.934372039201608280e-03,1.681925827783884103e-03,4.719077912761917388e-04,1.029612848527305122e-03,2.046168608136071567e-03,2.150513202944350291e-03,2.190063919189267141e-03,9.899585749048580782e-04,1.960931600306209215e-03,2.053318052924340848e-03,1.490188189561059704e-03,1.969725874517319966e-03,2.086198178783359690e-03,1.664889024376162673e-03,2.039393651855203084e-03,1.761114832433167358e-03,1.926069320216407515e-03,1.591464952639307616e-03,1.492833334257827197e-03,1.294577809458472353e-03,1.339499650665598512e-03,1.095137368703390669e-03,1.163888441871078865e-03,8.653440302440379471e-04,8.946339242037775656e-04,8.446865722760947678e-04,6.014142801271963809e-04,8.212937507306614050e-04,7.843406756435445997e-04,3.532698313917898535e-04,7.072745561904604733e-04,6.945017713259770851e-04,6.608039982439878595e-04,3.325103729208318554e-04,1.299098680895623571e-04,4.630115595949901267e-04,5.325066063631586589e-04,5.067329618676738069e-04,4.827862092195498562e-04,4.560716823920289557e-04,2.257923436378397235e-04,2.103621444446980064e-05,0.000000000000000000e+00,1.082651988449801758e-04,2.636788440625248355e-04,3.486860681705405171e-04
1.556031918662786071e-03,1.628576501977099930e-03,1.706315130640097179e-03,1.789755746700738429e-03,8.769353096662850381e-04,1.475441849601193459e-04,1.325975451151515305e-03,1.873121078384609728e-03,1.964363154635734125e-03,1.882777103984671109e-03,6.568597469025136675e-04,1.721671429992011320e-03,1.858748704623029322e-03,1.588398872651183499e-03,1.241433449623879264e-03,1.882537124843575898e-03,1.526361317605223322e-03,1.766536501721860646e-03,1.894845250981886785e-03,1.445631556831487993e-03,1.780496521772349837e-03,1.265555559607885877e-03,1.377569535715824928e-03,1.073530792606321779e-03,1.238259933789614227e-03,9.630287091576370147e-04,1.081394209865229206e-03,1.008167998673079263e-03,6.604750841400842173e-04,8.072970212447866433e-04,5.313032972506524830e-04,6.353336571107682205e-04,7.434691830188941680e-04,6.886405076164491120e-04,2.344024668492764236e-04,6.080372033703737838e-04,6.343851730620158951e-04,6.049188189428656402e-04,4.282197841420988830e-04,4.756143848952338525e-05,2.414084965491734456e-04,4.926956860314916226e-04,4.697256066512897426e-04,4.483252077136870312e-04,4.283546596040901369e-04,3.950745601870309640e-04,1.816304043543718520e-04,9.081536215883342681e-06,0.000000000000000000e+00,4.201457769010800454e-05
1.516334220371704650e-03,1.586089358815964299e-03,1.215269987988584766e-03,2.430941789554397279e-04,3.919915585309115247e-04,1.529679335140363529e-03,1.721132388561053776e-03,1.801377039545556773e-03,1.599740461330923218e-03,3.973387106494138368e-04,1.480104539676263629e-03,1.690579488976826257e-03,1.733021643063053716e-03,7.695724669267980586e-04,1.707306021949695114e-03,1.768492356085470769e-03,1.017749693268673239e-03,1.721216735058373783e-03,1.579487561829531110e-03,1.424629855598477657e-03,1.650824648269779392e-03,1.005036613584977699e-03,1.275157573623060363e-03,8.969050232794295238e-04,1.148078636868103903e-03,9.907697370350224911e-04,9.014185739080867116e-04,9.823038637328024205e-04,5.201279822881403701e-04,7.583906804922135305e-04,7.321518644620622672e-04,3.224341379169018808e-04,6.931804078289641223e-04,6.762042380295886805e-04,5.920176891899119748e-04,1.417915687330985374e-04,5.166313708444566317e-04,5.817492973665358037e-04,5.558345286630142490e-04,4.940053408466411108e-04,1.265924949318217871e-04,6.692055800992780489e-05,3.345474831128175263e-04,4.366290686254999868e-04,4.174264171724338971e-04,3.994632407032212102e-04,3.826351172226109972e-04,3.412156073124772361e-04,1.453836249835319821e-04,1.784218305728465928e-06
1.413384916195161356e-03,5.701639329319499504e-04,0.000000000000000000e+00,6.538832480513775752e-04,1.520431697190102998e-03,1.586919179829892734e-03,1.657865145396082013e-03,1.345784232306123165e-03,2.024540388652363025e-04,1.257601398545129742e-03,1.544241650589355842e-03,1.608551240311831363e-03,5.951150078664867692e-04,1.418912701061703519e-03,1.608592094555931279e-03,1.185872893048065761e-03,1.246072440759335691e-03,1.608647858151002891e-03,1.005531652225966641e-03,1.515637336148141024e-03,1.534819473504108519e-03,8.106604495459545463e-04,1.183755482874232663e-03,7.652948628400604901e-04,1.067401950186568256e-03,1.054061585944407161e-03,5.862184293294847278e-04,9.180604477411363241e-04,7.111375041373551578e-04,5.085433065295801199e-04,6.898199186594103057e-04,6.084788352148372574e-04,2.396616427883975769e-04,6.433942756781675090e-04,6.176714880779222375e-04,5.030200596854334264e-04,7.224636059279440615e-05,4.346169704419894906e-04,5.354025627560737638e-04,5.124907765430480660e-04,4.910188439824302422e-04,2.111696284358113753e-04,0.000000000000000000e+00,1.569584624070447941e-04,3.890858583328914220e-04,3.896152702473595409e-04,3.733991913415574061e-04,3.581748274329699631e-04,3.438629305836491562e-04,2.942794361267758534e-04
