1.326456198848197836e-03,1.361216464783051184e-03,1.397361209101626164e-03,1.434964943759196605e-03,1.474107261744696988e-03,6.156406919769702793e-04,0.000000000000000000e+00,0.000000000000000000e+00,0.000000000000000000e+00,9.397141577064142479e-04,1.711833301341897460e-03,1.754682946858301864e-03,1.799161844331432537e-03,1.845353650619014707e-03,1.341617638018629708e-03,0.000000000000000000e+00,0.000000000000000000e+00,9.154845444379186223e-04,2.175961995984954794e-03,2.222497762078677868e-03,2.270542490662514484e-03,1.966390715382807398e-03,0.000000000000000000e+00,2.827192505418834448e-05,2.363775844217365970e-03,2.550948363992458067e-03,2.590702307015001378e-03,2.107320096789974673e-03,0.000000000000000000e+00,7.133840395761927586e-04,2.270379350443807540e-03,2.288830625536592521e-03,2.307507747115400670e-03,1.810302890993579171e-04,2.770314035135646954e-04,1.948687067093320428e-03,1.948687067093320428e-03,1.948687067093320428e-03,2.770314035135646954e-04,1.314944459374660021e-04,1.676097708360492315e-03,1.662531261740261921e-03,1.649128862576919319e-03,5.181786953520968637e-04,0.000000000000000000e+00,1.086679268792974757e-03,1.335944403005385507e-03,1.315444534095493992e-03,1.218925501587428536e-03,1.457895024683434082e-05
1.355531943220479900e-03,1.391449021596434825e-03,1.428812768777336503e-03,1.467701932776230679e-03,1.508200693657958669e-03,1.550399119466486014e-03,7.716718096718610566e-04,0.000000000000000000e+00,0.000000000000000000e+00,0.000000000000000000e+00,1.129920568015998789e-03,1.807883887766538380e-03,1.854414156260082974e-03,1.902764170758216309e-03,1.953030074163697232e-03,9.952396857183605419e-04,0.000000000000000000e+00,0.000000000000000000e+00,1.786204453603502853e-03,2.306708255410450364e-03,2.357524720383793581e-03,2.410039089883531278e-03,8.958770100856674372e-04,0.000000000000000000e+00,1.385887641452646134e-03,2.662437450600394374e-03,2.704836517076853949e-03,2.748256508917275645e-03,2.624870891946383790e-04,2.543139599594449862e-04,2.378074135060688748e-03,2.397856526934623398e-03,2.417886793953397551e-03,4.734225514246030091e-04,2.197793163106785751e-04,2.043980126448158730e-03,2.043980126448158730e-03,2.043980126448158730e-03,2.197793163106785751e-04,3.438785653140893125e-04,1.756273416410641464e-03,1.741724089462559589e-03,1.727354810864365408e-03,1.847252933494877446e-04,1.353564076896791586e-04,1.417190192470035382e-03,1.394799856490218761e-03,1.372935979888687810e-03,7.146590454563857015e-04,0.000000000000000000e+00
4.595857146665018522e-04,1.395126322376870212e-03,1.461338262185329830e-03,1.501572117807941850e-03,1.543490728739874010e-03,1.587189488330585522e-03,1.632770638397738937e-03,9.452322683749422296e-04,0.000000000000000000e+00,0.000000000000000000e+00,9.697746904551729541e-07,1.337699057649789375e-03,1.912251306993780885e-03,1.962896102993510854e-03,2.015579812753743195e-03,2.070413369717151106e-03,6.182535123442409577e-04,0.000000000000000000e+00,4.382938915045097813e-04,2.395797127440103900e-03,2.449602702308582760e-03,2.505241416415312887e-03,2.282678067090011288e-03,1.383989328983200483e-05,3.351418138140592278e-04,2.781398451754073849e-03,2.826682611371768815e-03,2.873081753607988932e-03,1.164972438618202318e-03,0.000000000000000000e+00,2.320175896638624301e-03,2.514862084602604957e-03,2.536379431113495661e-03,8.542246023827135878e-04,1.631661168224169366e-04,2.146437913785214334e-03,2.146437913785214334e-03,2.146437913785214334e-03,1.631661168224169366e-04,6.204806463895820188e-04,1.842342569526121210e-03,1.826713076961259405e-03,1.685299435380370340e-03,0.000000000000000000e+00,6.007399633733798584e-04,1.481558679172190283e-03,1.457632088221588176e-03,1.434280459042793160e-03,1.728221838401184144e-04,5.741775669040981532e-06
0.000000000000000000e+00,2.131711773474358185e-04,1.238309191361842542e-03,1.536628409777876080e-03,1.580034026670778776e-03,1.625305096919809700e-03,1.672550068272795698e-03,1.721885385292544002e-03,1.136555592815642309e-03,9.754693200631059736e-07,0.000000000000000000e+00,4.994897900092452788e-05,1.562333548348707538e-03,2.025924207948367421e-03,2.081183309286155185e-03,2.138734504762393549e-03,2.107672045212974962e-03,2.598734153035435457e-04,0.000000000000000000e+00,1.321820062216404581e-03,2.547182388951452475e-03,2.606198291931764461e-03,2.667289227067751092e-03,1.127717303090629069e-03,0.000000000000000000e+00,2.103312967116053884e-03,2.956951341905967711e-03,3.006608532208189868e-03,2.306319200736928633e-03,0.000000000000000000e+00,1.854206370259728429e-03,2.640645443190065868e-03,2.663800792861018181e-03,1.308754558911966702e-03,1.087566226976550092e-04,2.256797104275416049e-03,2.256797104275416049e-03,2.256797104275416049e-03,1.087566226976550092e-04,9.506362523555058871e-04,1.934897254418590888e-03,1.918077970250082120e-03,1.346834502248260221e-03,0.000000000000000000e+00,1.189296902012027847e-03,1.550414275602260590e-03,1.524807610848230056e-03,1.084612916960309105e-03,0.000000000000000000e+00,4.678576371105016337e-04
0.000000000000000000e+00,0.000000000000000000e+00,2.490232074439571375e-05,9.841535519389149091e-04,1.617890640839946730e-03,1.664810367252882476e-03,1.713801134679582413e-03,1.764986648903799473e-03,1.818499991915583855e-03,1.345554181871087959e-03,5.024228520648367188e-05,0.000000000000000000e+00,1.392343948580131369e-04,1.801903730913728078e-03,2.150042632113426284e-03,2.210494064588110381e-03,2.273531319757046438e-03,1.843957529196440593e-03,8.673759215613393136e-06,4.425819524004388111e-05,2.334662073781840815e-03,2.713383018280930790e-03,2.778304299905943932e-03,2.646754367931578728e-03,7.044400998022905074e-05,8.636096590443480573e-04,3.096437269398645813e-03,3.149664821380284904e-03,3.204276730420031576e-03,2.068221534837228349e-04,1.255775782182686016e-03,2.776107091528112660e-03,2.801071010839691153e-03,1.822824688153640424e-03,5.898560795551284204e-05,2.375891546336752081e-03,2.375891546336752081e-03,2.375891546336752081e-03,5.898560795551284204e-05,1.324039880852750494e-03,2.034605824440865931e-03,2.016472854789024341e-03,9.121542119902288463e-04,1.066517359466343282e-04,1.652345602230650490e-03,1.624183943509177651e-03,1.596736154559052698e-03,4.453365742785843828e-04,2.922520384108170819e-05,1.098062644954248121e-03
3.376422496818641941e-06,0.000000000000000000e+00,0.000000000000000000e+00,0.000000000000000000e+00,6.846884385453181439e-04,1.705773684028699189e-03,1.756597333756284478e-03,1.809726731628485442e-03,1.865303491549553244e-03,1.923480268749325510e-03,1.571507752387501242e-03,1.400519953947202128e-04,0.000000000000000000e+00,2.619728453816165623e-04,2.052069591932955458e-03,2.285926709498956304e-03,2.352241920854408926e-03,2.421485280426811677e-03,1.445586815266286561e-03,0.000000000000000000e+00,7.589981295031697842e-04,2.827318577389179109e-03,2.896397232381711737e-03,2.968038818064463926e-03,1.408877717700147579e-03,0.000000000000000000e+00,2.918209798878413676e-03,3.303179473099132190e-03,3.361850640157544156e-03,1.201082475740195303e-03,6.418409983037068117e-04,2.922266024214370712e-03,2.949231871911490131e-03,2.375106663124429158e-03,1.820839570588446418e-05,2.463376531237320820e-03,2.504668058951722669e-03,2.463376531237320820e-03,1.820839570588446418e-05,1.725199336882556533e-03,2.142224999293734430e-03,2.122637894727935539e-03,4.662121840039973428e-04,6.193607836253402959e-04,1.733601554411453140e-03,1.703346662895263751e-03,1.504829805049660027e-03,0.000000000000000000e+00,5.845030471505095141e-04,1.231354369101393155e-03
1.292789412631691103e-03,3.749368479614264204e-04,0.000000000000000000e+00,0.000000000000000000e+00,0.000000000000000000e+00,3.774520098065365682e-04,1.619022079963088577e-03,1.856189781567112087e-03,1.913937422947988368e-03,1.974422456872840324e-03,2.037820670179812770e-03,1.812484718886914030e-03,2.635111803541290566e-04,0.000000000000000000e+00,4.175495607433715728e-04,2.302825294732995486e-03,2.435111906806708068e-03,2.508074487773724950e-03,2.584366115488814526e-03,9.822699000201673587e-04,0.000000000000000000e+00,1.864430982249184804e-03,3.022182737953108336e-03,3.098571854572389032e-03,3.064529568473076636e-03,1.631745186106122521e-04,1.600655082950444130e-03,3.468197330196374703e-03,3.531340229605795314e-03,2.537522691410156947e-03,1.321450574058245493e-04,3.080278960993660178e-03,3.109466642770715092e-03,2.922265133371741881e-03,0.000000000000000000e+00,2.530789544538454994e-03,2.644205308399881320e-03,2.530789544538454994e-03,0.000000000000000000e+00,2.122637247649159561e-03,2.258614264973363064e-03,2.237413293232300149e-03,9.598582200469271697e-05,1.308521333350143052e-03,1.821002051094517456e-03,1.788441226631153286e-03,8.254079187020173540e-04,6.769643819827899679e-05,1.271385620165353192e-03,1.285508790478173896e-03
1.558482829964653567e-03,1.608218702928553489e-03,9.835008835144378250e-04,7.485707451260142995e-05,0.000000000000000000e+00,0.000000000000000000e+00,1.092273400490585081e-04,1.349495772598941889e-03,1.964498493575938653e-03,2.027415531495250448e-03,2.093404259378216486e-03,2.162667932146163270e-03,2.064119582895573932e-03,4.200014602565178812e-04,0.000000000000000000e+00,6.071853096009791799e-04,2.522439589271261579e-03,2.599392595075230260e-03,2.679921527653508599e-03,2.756562651801776342e-03,5.109427954352681236e-04,2.150972730304530410e-04,3.018076175219920783e-03,3.237909313829552375e-03,3.322677925727514619e-03,1.751434749647115931e-03,2.997571557137583987e-04,3.645897051906602220e-03,3.713977908987675745e-03,3.751440389181389789e-03,1.432147328222571560e-04,2.745115005163817085e-03,3.283123768523918753e-03,3.315248926148931224e-03,1.382495163919568752e-04,2.583273670191732051e-03,2.795736470042093410e-03,2.583273670191732051e-03,1.004199001698592410e-04,2.408087745191398767e-03,2.384753087640057844e-03,1.993961222922373960e-03,7.385137235711670620e-05,1.934500840781550523e-03,1.915182607805890986e-03,1.880075432534154692e-03,1.545754189327288425e-04,7.266201567336629192e-04,1.378483986145920791e-03,1.343315914897012841e-03
1.586911454596113885e-03,1.638025428186579710e-03,1.691649318685287074e-03,1.618966012766529915e-03,5.981931169334236747e-04,0.000000000000000000e+00,0.000000000000000000e+00,0.000000000000000000e+00,1.001083848735877203e-03,2.082571077473287843e-03,2.151293402158046750e-03,2.223474342452916308e-03,2.299349936615110133e-03,2.316347752304174969e-03,6.107507722549207832e-04,0.000000000000000000e+00,8.331481669683957333e-04,2.695790323262461062e-03,2.780876259007492371e-03,2.870054987719701089e-03,2.556769923550550241e-03,1.122437711217556312e-04,1.217501447931376192e-03,3.386861180391511315e-03,3.477586242657617482e-03,3.537674395870946467e-03,2.966777694837559754e-04,2.550490250015021582e-03,3.911159639661454870e-03,3.986841791990681019e-03,1.236588631315325808e-03,2.063495081528714595e-03,3.471745335184947979e-03,3.506685609594853165e-03,5.047118237907044069e-04,2.623489550038172243e-03,2.960676568049404149e-03,2.623489550038172243e-03,3.666060633147698289e-04,2.547141053602153260e-03,2.521761587838218174e-03,1.498854936321440288e-03,6.376702009925511736e-04,2.055890004519561696e-03,2.016863078292702432e-03,1.315208299001184925e-03,1.230831165164176491e-04,1.467679869043818407e-03,1.442751013821258520e-03,1.405111781770642049e-03
1.616125092634095647e-03,1.668668555101634685e-03,1.723816741422934959e-03,1.781744704597044591e-03,1.842642454318982846e-03,1.322934838635608876e-03,2.139689716940550070e-04,0.000000000000000000e+00,0.000000000000000000e+00,6.218839687701059604e-04,2.120048540238689966e-03,2.286881759705087190e-03,2.366054558593214032e-03,2.449411166727199184e-03,2.537251647485056372e-03,8.380405097628211130e-04,0.000000000000000000e+00,1.098502761550723423e-03,2.887644887324689394e-03,2.982051425681242745e-03,3.081164480127508883e-03,2.108329697401710966e-03,0.000000000000000000e+00,2.595030805254438990e-03,3.643585681574555441e-03,3.744894666728043348e-03,2.171405608157464442e-03,9.387471136997979247e-04,4.124471688129936059e-03,4.206460902841207584e-03,2.811015349452736754e-03,1.279494113629586153e-03,3.677101422816726837e-03,3.715195577488972136e-03,1.021260870252179960e-03,2.652669559600857700e-03,3.140655630112852963e-03,2.652669559600857700e-03,7.418102957219190399e-04,2.698595834109189951e-03,2.670925493488276927e-03,9.293824275981665915e-04,1.449552969746664916e-03,2.169140732377921720e-03,2.126861450731497120e-03,4.840826168984622632e-04,9.008540476027997179e-04,1.553649629389694921e-03,1.511619430613748505e-03,1.076604018975023912e-03
1.646152914982353891e-03,1.700179672417483686e-03,1.756910479850941516e-03,1.816528845487056865e-03,1.879234112855048900e-03,1.945243129320678227e-03,1.988058001326185268e-03,8.971248519409918314e-04,0.000000000000000000e+00,0.000000000000000000e+00,2.613994221786166599e-04,1.854785461957404692e-03,2.435704523214659873e-03,2.522802192443223453e-03,2.614656530276106804e-03,2.711620317118483038e-03,1.104953297341853928e-03,0.000000000000000000e+00,1.407015900423249158e-03,3.100733650106832131e-03,3.205873429150652223e-03,3.316452925409106231e-03,1.539526102133247868e-03,5.190919624465228227e-04,3.821760878219658021e-03,3.930645760203525969e-03,4.044251126314271118e-03,4.800990928115535803e-04,3.701587161960015818e-03,4.444739646953255359e-03,4.390615576320582025e-03,6.024086031334507582e-04,3.901231784959463111e-03,3.942871113010762776e-03,1.668942556181446032e-03,2.671407665419078120e-03,3.337559114805231653e-03,2.671407665419078120e-03,1.212264963052853617e-03,2.863971852376026844e-03,2.833726414452058563e-03,4.218865755093333916e-04,2.264103555646304090e-03,2.292013651311791689e-03,1.908793085900640542e-03,1.991793745880455710e-04,1.677844057773420980e-03,1.630712442424450247e-03,1.585539220853392391e-03,2.153564003387167022e-04
2.994621862979245292e-04,1.219329772918440087e-03,1.790966444845219427e-03,1.852341629946933780e-03,1.916926662720339980e-03,1.984949336585981050e-03,2.056658016677800471e-03,2.132323910150097854e-03,1.750382806254522977e-03,4.295040750951886256e-04,0.000000000000000000e+00,8.724692537061627589e-06,1.454075468929942605e-03,2.599541813456447085e-03,2.695658338098778223e-03,2.797205887359733092e-03,2.904601473462070909e-03,1.415278061195481690e-03,0.000000000000000000e+00,1.763107064811219194e-03,3.338309811831362793e-03,3.455873570970307857e-03,3.579758758632394910e-03,9.229189430569623848e-04,1.872566726152513758e-03,4.130567758740550342e-03,4.253016120536673612e-03,2.690367222657686491e-03,1.891720958570547321e-03,4.703853335509545520e-03,4.803812693935483914e-03,1.282211709366025453e-03,3.972771441467798891e-03,4.192135105750160844e-03,2.435230695753038549e-03,2.679931692827913943e-03,3.553577493603638036e-03,2.679931692827913943e-03,1.768871456047630851e-03,3.045029015685473631e-03,2.885690467218851498e-03,6.636154336074275191e-04,2.477176425933592420e-03,2.425630501473052553e-03,9.755015154798610906e-04,1.116156370308891066e-03,1.764454679638137805e-03,1.713654358439747503e-03,7.768743473461234240e-04,2.989393373783974820e-04
0.000000000000000000e+00,0.000000000000000000e+00,4.056458878604967625e-04,1.423434274951149636e-03,1.955764712576231988e-03,2.025883790264629801e-03,2.099842511334480168e-03,2.177926419248093874e-03,2.260448103334580881e-03,2.347750332099446911e-03,1.295311466275620273e-03,4.337061405694206032e-05,0.000000000000000000e+00,9.880379029498073586e-04,2.772749507828825132e-03,2.886908283923785186e-03,2.999562377975835414e-03,3.118941518206509462e-03,1.773460234255527877e-03,0.000000000000000000e+00,2.171780026496851479e-03,3.604274310982674267e-03,3.736299265357602862e-03,3.601531728118815938e-03,3.469810343265983168e-04,3.591505902714196407e-03,4.478373143614596680e-03,4.616734646279177685e-03,9.722929493345864541e-04,4.930481082759643335e-03,5.095451568064401048e-03,3.141228322056139385e-03,3.277081070732414982e-03,4.465805779563391913e-03,3.302480394677522000e-03,2.678222747781860806e-03,3.791267435746994551e-03,2.678222747781860806e-03,2.398813104027419565e-03,3.243814389124520178e-03,2.380363870774988063e-03,1.619833503853284826e-03,2.627565500176641967e-03,2.542495364597109099e-03,4.280904931169183950e-04,1.915351087417674694e-03,1.857948859460100419e-03,1.490013020734030046e-03,1.127460326883162543e-04,1.166559118165877429e-03
0.000000000000000000e+00,0.000000000000000000e+00,0.000000000000000000e+00,0.000000000000000000e+00,5.344025937517608762e-04,1.657677519548245550e-03,2.144401568264338136e-03,2.225007629170426028e-03,2.310245463532921949e-03,2.400476856736884473e-03,2.496099620074421818e-03,2.287841318566875663e-03,7.437767122241653074e-04,0.000000000000000000e+00,5.139431108688252920e-04,2.571783573473937837e-03,3.099257435788385640e-03,3.224698690243369206e-03,3.357912754743788957e-03,2.184532971033543384e-03,2.875913654548317298e-07,2.638457096869466743e-03,3.903336983720457828e-03,4.052295643470114027e-03,3.121924019187091899e-03,1.007689869498301681e-03,4.722128179620401801e-03,4.872031220305946854e-03,3.337910346658895088e-03,3.192157784863818622e-03,5.414477653220323324e-03,5.178223450473965449e-03,2.319279966069564235e-03,4.767176702588286734e-03,4.231360726506970885e-03,2.666074047790843379e-03,4.053627806037255789e-03,2.666074047790843379e-03,3.073521216043934110e-03,3.462720312227042258e-03,1.682142640161141296e-03,2.670248379151913057e-03,2.792077305227620536e-03,1.646096239869847613e-03,1.384803481683277672e-03,2.021266330146704541e-03,1.959075848348996746e-03,4.180616897439738580e-04,1.011211119527283394e-03,1.312564427931084453e-03
1.317921837066915241e-03,6.455829975747062310e-04,5.951803781029942167e-05,0.000000000000000000e+00,0.000000000000000000e+00,0.000000000000000000e+00,6.900073751214354017e-04,1.926955501448997504e-03,2.361706677431587263e-03,2.454999757706064368e-03,2.553931981685617515e-03,2.658967159330695700e-03,2.770617784365103642e-03,1.827040531778556347e-03,2.107835794638068848e-04,1.129028795812016673e-04,2.120710054237299157e-03,3.335927522146093973e-03,3.476166861929761657e-03,3.625439028322122257e-03,2.653950423361666876e-03,1.789685777298786378e-04,3.168562521901215154e-03,4.241226519303636401e-03,4.410143249919290173e-03,2.424157309616539573e-03,2.819654253243186401e-03,5.149104593276129446e-03,5.319970928521558506e-03,2.088719249648262298e-03,5.764430622134338912e-03,5.900266971951750351e-03,2.575231304103275422e-03,5.100116346462640719e-03,5.098378080345874683e-03,2.714746545686528168e-03,4.344194720518031530e-03,2.695147461351858793e-03,3.703294096197774776e-03,3.704556715514426262e-03,1.596175576702165647e-03,3.042583710244417712e-03,2.972537139948835862e-03,9.705044987498138726e-04,2.207103696372591725e-03,2.136216143569623881e-03,1.169793859485470560e-03,7.852000279000018656e-04,1.428473552084535839e-03,1.373760344708910850e-03
1.608469284431357331e-03,1.668205364312524671e-03,1.687158987637884253e-03,1.055500686571608825e-03,3.090990782753414660e-04,0.000000000000000000e+00,0.000000000000000000e+00,0.000000000000000000e+00,8.779105391933766630e-04,2.236899831252597230e-03,2.613797761476006551e-03,2.722586469475835307e-03,2.838311093344478894e-03,2.961574018696629552e-03,2.957549811508879915e-03,1.193084921913236361e-03,0.000000000000000000e+00,1.548566378199102813e-03,3.600779517801308473e-03,3.758239248561967907e-03,3.926257831806112542e-03,3.187168689013188290e-03,5.353081524016565802e-04,3.766486149013756075e-03,4.624966857069416626e-03,4.817572542160651443e-03,1.811039122306269244e-03,4.972060788377734991e-03,5.636722873684083673e-03,4.155457983505707852e-03,4.879412607136282727e-03,6.299197689278462735e-03,3.907051033735097975e-03,5.469192850473744705e-03,5.538411789583996304e-03,3.146391433718629706e-03,4.667161324171298711e-03,2.999304159523522809e-03,4.022920105071364077e-03,3.972641745068944755e-03,2.090061251803643737e-03,3.248299842721870216e-03,2.516160944006094573e-03,1.723980600410019402e-03,2.338515013914453135e-03,2.062765735388595329e-03,6.045644024921276605e-04,1.560442500785229249e-03,1.498056289829613214e-03,1.219988908128492736e-03
1.629834505952799332e-03,1.690775904355862162e-03,1.755200320581826656e-03,1.823378323438104489e-03,1.895607274205722906e-03,1.535288309669447090e-03,6.924722646469271686e-04,2.445428047158814728e-05,0.000000000000000000e+00,1.356233952168653232e-05,1.105101363767916874e-03,2.593674721088159042e-03,2.908515934419035175e-03,3.036431180790033144e-03,3.172974280578467424e-03,3.318938974409337082e-03,2.542988454683095360e-03,5.086817716181793762e-04,9.283384302745424643e-04,3.622680340693175145e-03,4.076091194105254008e-03,4.266131493983312852e-03,3.788603393104728653e-03,1.050602162681421158e-03,4.432877741892379993e-03,5.063245187548930451e-03,5.190358425244935570e-03,2.562823182804787464e-03,5.982629741170721743e-03,6.197034878649168750e-03,3.809174134086722435e-03,6.739998704681933114e-03,6.185010814707761657e-03,5.140791424822141464e-03,5.957017650837568949e-03,3.843882328542323409e-03,5.027529921455882282e-03,3.493291009718711010e-03,4.326981630165041386e-03,3.734101754187160293e-03,3.189417231791876872e-03,3.475607182423850246e-03,1.813136146175487427e-03,2.570972430298127786e-03,2.482021874400737200e-03,9.916156658934761545e-04,1.681190228103638783e-03,1.640017438949476500e-03,1.435837399166880243e-03,3.035904916871563341e-04
1.651628261831702190e-03,1.713807625940528276e-03,1.779565573288055362e-03,1.849182075111373931e-03,1.922965027429016744e-03,2.001253661269183221e-03,2.084422448849182919e-03,2.044587956273649729e-03,1.198746990918824525e-03,2.898865887999244485e-04,0.000000000000000000e+00,6.903128229484621430e-05,1.380623213766135095e-03,3.003071599722131283e-03,3.256042890376700544e-03,3.407844580241072355e-03,3.570514963881604199e-03,3.745116925084547750e-03,1.835013116448795624e-03,3.489168922808952257e-04,3.140256319594969536e-03,4.436040123258425637e-03,4.652125199578454467e-03,4.458908114808670525e-03,1.736801001710451715e-03,5.156364808212971461e-03,5.566907971444321965e-03,4.757216682385464850e-03,4.331331702736936247e-03,6.596663074546951951e-03,5.365750725005390652e-03,6.917463379749731224e-03,7.419899119652415345e-03,5.320894596208438146e-03,6.424939934456001464e-03,4.778970537355484334e-03,5.431306846274257596e-03,4.156375270610181312e-03,4.666864981908535985e-03,3.584863515978402564e-03,3.826210627490221269e-03,3.567120182101980209e-03,2.242563025896154080e-03,2.736766732596284703e-03,1.786876560508900754e-03,1.540892852504812272e-03,1.803157029931469956e-03,1.670179478538962731e-03,5.018800539361174123e-04,1.133604903638462313e-03
9.141280021825481418e-04,1.538439591262544519e-03,1.804441718503971108e-03,1.875537475040335881e-03,1.950919331005260054e-03,2.030938863473477976e-03,2.115984451535346447e-03,2.206485997753767844e-03,2.302920371720380572e-03,2.405817704739520412e-03,1.819296178763900578e-03,7.469938032081203981e-04,0.000000000000000000e+00,1.599021160308197601e-04,1.716310395416230546e-03,3.466727688516842674e-03,3.669792236074052947e-03,3.851818162393143112e-03,4.047730801691111317e-03,3.519479625072832740e-03,9.874810344627695663e-04,2.438392242870108303e-03,4.845861887620963628e-03,5.092977151314357145e-03,5.186643581205461692e-03,2.617546672108246771e-03,5.872943303229165996e-03,6.149638522036404362e-03,4.557729077441332807e-03,6.902184170465266479e-03,7.310318777012592834e-03,6.273302111441766971e-03,7.985926636586218597e-03,6.674368054204094305e-03,6.950240868581232002e-03,5.948863187706657923e-03,5.885754365559336260e-03,4.986276262133463796e-03,5.048426297569372743e-03,3.990649034499593913e-03,4.118093369535570300e-03,3.023787787065176924e-03,3.032842060828767807e-03,2.863518692180490235e-03,1.535532909254334194e-03,1.991907175298672505e-03,1.902283827562379140e-03,7.563874408664819594e-04,1.318619815813754917e-03,1.294806648666797485e-03
0.000000000000000000e+00,0.000000000000000000e+00,3.024993023498227687e-04,9.450856651359929635e-04,1.672184600028537010e-03,2.061289492246282801e-03,2.148268779869632900e-03,2.240871844160104848e-03,2.339594162463725594e-03,2.444987005665749582e-03,2.557665150753330157e-03,2.678315866479538416e-03,2.524154996871624118e-03,1.384513727371547735e-03,2.592800293980622971e-04,2.907280102536246896e-04,2.127858898938032785e-03,3.963145216324359850e-03,4.167723508410419581e-03,4.388561082557383697e-03,4.627427704517574417e-03,2.763107165309348998e-03,1.816555595182113309e-03,5.220836812704514329e-03,5.599597501570074097e-03,5.907429908364823963e-03,3.726696235046156845e-03,6.505705159226092028e-03,6.828896275784398021e-03,5.820569532668518932e-03,7.824454050984284287e-03,7.717005650883872712e-03,8.619282947189766536e-03,8.732324697441265840e-03,7.542700137474765351e-03,7.354623323571850106e-03,6.399719522721073785e-03,5.983474864042940405e-03,5.478769218034429574e-03,4.758661317825107345e-03,4.444695471200371499e-03,3.317563958399694611e-03,3.246142072965077594e-03,2.157530789841742742e-03,2.211923097977627935e-03,2.107239432139639945e-03,1.076896262500187749e-03,1.501868022303982182e-03,1.423606637037393976e-03,1.327312889073066450e-03
0.000000000000000000e+00,0.000000000000000000e+00,0.000000000000000000e+00,0.000000000000000000e+00,0.000000000000000000e+00,2.680815717498477536e-04,9.763107714902328994e-04,1.822762213451820578e-03,2.377151019894007105e-03,2.485120729694476234e-03,2.600616978644570802e-03,2.724355939183473966e-03,2.857141037560590163e-03,2.999876028281662881e-03,3.153580412616866901e-03,2.206089744309026358e-03,8.119852173599275682e-04,4.704708890745370954e-04,2.636412936688422009e-03,4.524147798189535365e-03,4.774324497038668833e-03,5.045841269454916407e-03,4.872348010369795604e-03,2.531841594158372195e-03,4.785151611227700039e-03,6.185749913631122948e-03,6.543907415466481380e-03,5.109726774195867335e-03,7.246522992443747008e-03,7.627239965903739871e-03,8.010235933011991549e-03,8.752943204586366086e-03,9.705615506185670538e-03,9.738501231841176567e-03,9.408435131301908297e-03,8.983694186327648157e-03,6.984067998635076595e-03,7.138519144176663084e-03,6.549945447532489959e-03,5.048455296776979163e-03,4.711911452901913072e-03,3.631345652174580631e-03,3.173698416436750505e-03,2.470511715667069765e-03,2.347195057545539785e-03,1.476547944471865662e-03,1.663682081828952780e-03,1.572626359239144437e-03,1.216547009149058362e-03,5.307931039839326823e-04
1.279575673024715846e-03,9.922573530279647953e-04,6.452933863316384633e-04,3.022087195091806874e-04,3.764719562143778415e-05,0.000000000000000000e+00,0.000000000000000000e+00,0.000000000000000000e+00,2.270426540475541251e-04,1.007662644161511989e-03,1.994889859241406015e-03,2.771593434974337078e-03,2.907889657334158332e-03,3.054492548698566415e-03,3.212468103165551630e-03,3.383023781158035152e-03,3.567531650757260666e-03,3.201750516638391959e-03,1.636276086831677141e-03,9.246030501175016986e-04,3.270969830930219036e-03,5.213280945678962913e-03,5.523680551693624374e-03,5.862650389212784030e-03,4.247338359438623638e-03,4.567603699469456255e-03,6.868996347795282634e-03,7.289075417036277801e-03,6.826797868204809161e-03,8.121477415907747688e-03,9.105937734270633591e-03,9.953498521597822085e-03,1.134049147895999088e-02,1.046003925730494902e-02,1.163044263952850432e-02,1.075081601911662826e-02,7.652263143735409286e-03,8.389109266514677143e-03,7.446215397451071139e-03,5.393241060351771331e-03,5.003251838931230266e-03,4.081789889138730254e-03,3.086177919498323680e-03,2.630598380832277657e-03,1.972726684825401849e-03,1.853128932686573267e-03,1.746330658188399547e-03,1.119820460616279814e-03,8.114555609757526013e-04,1.110089757981586002e-03
1.432882339121559516e-03,1.490965822459736079e-03,1.552653957348569752e-03,1.618251305170442756e-03,1.671436624816946982e-03,1.426992534063683442e-03,1.038495589899893429e-03,6.104127372990519537e-04,2.176057660672692728e-04,0.000000000000000000e+00,0.000000000000000000e+00,1.788943250003825075e-04,1.038896632435326421e-03,2.194873234837586840e-03,3.244871909983181989e-03,3.448486340789366517e-03,3.638449610830787190e-03,3.844552846735857423e-03,4.068677620759497335e-03,4.264703129573480314e-03,2.761110947734019515e-03,1.928250939715558682e-03,4.072121862515559569e-03,6.072755713638435665e-03,6.464369518868185588e-03,6.763763506026031734e-03,5.777163297874580994e-03,7.672028004779304564e-03,8.169167674488414521e-03,8.957580739627761524e-03,9.165020061916669125e-03,1.157299815775889203e-02,1.071988778454578684e-02,1.439280487631780514e-02,1.439522260593280312e-02,1.200591271715894214e-02,9.400902403195850882e-03,9.262647046628883635e-03,8.484559212889699817e-03,7.015573053904836098e-03,4.452515896059298581e-03,4.201669152122781276e-03,2.968608505633402953e-03,2.588454923917111235e-03,2.076878082257194863e-03,1.950488402796480203e-03,1.278478718051146963e-03,1.280715051210365787e-03,1.224024957706457747e-03,1.149873090307093008e-03
1.442874774904286160e-03,1.501573068272831803e-03,1.563927502574315610e-03,1.630248144241544864e-03,1.700878640152408148e-03,1.776200678216083252e-03,1.856639154843801832e-03,1.942668180289508191e-03,2.034818080797301445e-03,1.985276991791545820e-03,1.586566453967277806e-03,1.074514553326979443e-03,5.491963640200973277e-04,1.130709712254704630e-04,1.238760090579754029e-04,1.069608283136079139e-03,2.431435342082335568e-03,3.797737315038649496e-03,4.155139161033909699e-03,4.407397145260215712e-03,4.683344161574194003e-03,4.986041909862844873e-03,4.220530586538067362e-03,3.467208949097225126e-03,5.239359387888505894e-03,7.163713129092234670e-03,7.667537616727724756e-03,7.892209507474066965e-03,9.120444921043940889e-03,9.218838124107378920e-03,1.160850748952179171e-02,1.056627864195005401e-02,1.495687748150053425e-02,1.670037460755929848e-02,1.610862060697686171e-02,1.423862488467287149e-02,1.232984990219211478e-02,1.055569394596213642e-02,8.919742232224385156e-03,7.517749328699336632e-03,5.738111829735693947e-03,3.435480459375473295e-03,3.354488141831636801e-03,2.343739730502554779e-03,2.223169217314075255e-03,1.601662298968747336e-03,1.451844202227945205e-03,1.356445301318969518e-03,9.900635690660315041e-04,6.281464690937883354e-04
1.452972102109566970e-03,1.512293913473748089e-03,1.575324277861049182e-03,1.642378886606878736e-03,1.713807751725354624e-03,1.789999782684546098e-03,1.871388091385205914e-03,1.958456160831841680e-03,2.051745042019002211e-03,2.151861779670876610e-03,2.259489312615994665e-03,2.375398151297269771e-03,2.500460206560927573e-03,2.635665234872701726e-03,2.348879525672692772e-03,1.765646007257184059e-03,1.094809332603602836e-03,5.161486292471542930e-04,1.108963869534597890e-03,2.717058646187839842e-03,4.478992087016929469e-03,5.103535861558916413e-03,5.448597742967449184e-03,5.829876047935239440e-03,5.983377124695637289e-03,5.667064940233479918e-03,7.429925194400046826e-03,8.577406275368775618e-03,9.767460874626236397e-03,1.151181380104918453e-02,1.062462113712380786e-02,1.492366159985016906e-02,1.524941815515370828e-02,1.800558265251436113e-02,2.094853775276628999e-02,1.961337051998948006e-02,1.634967015466470830e-02,1.349431416275729406e-02,1.045788917251682174e-02,7.293508064362504671e-03,5.202022941435995723e-03,4.312461865971395358e-03,2.692053669482200821e-03,2.609981236791952732e-03,1.883638281689245693e-03,1.624127352682273959e-03,1.392718544247197911e-03,1.021737943249311767e-03,1.047991615499002747e-03,1.021105822064555116e-03
1.773160099862657556e-04,3.804350254811473425e-04,6.303709546557766281e-04,9.168606723313900246e-04,1.228229285187619349e-03,1.546307998268338238e-03,1.833271811408177876e-03,1.974437388719355209e-03,2.068884099583311216e-03,2.170273268650813308e-03,2.279302372050508868e-03,2.396758727754433240e-03,2.523533748991397228e-03,2.660639907335969612e-03,2.809231010587211370e-03,2.970626556929327824e-03,3.146341129471143857e-03,3.338120059580927407e-03,3.399333536659292568e-03,2.804060528077156368e-03,1.984621101482146252e-03,2.215640051324636005e-03,3.376142359337544040e-03,5.349829871604941389e-03,6.417967428644887930e-03,6.907562517313433313e-03,7.455394786543893121e-03,8.729226052135143077e-03,1.077267354807483896e-02,1.049903999845214903e-02,1.479004635305503773e-02,1.525691776432449437e-02,1.910141365183174941e-02,2.230241224380380416e-02,2.619625998597990835e-02,2.620106632240457728e-02,2.157672179745199689e-02,1.672205996454729712e-02,1.176306302440920624e-02,7.934950471334053027e-03,5.519698862677020063e-03,3.699926861685405403e-03,3.135598384450658232e-03,1.987361253623848040e-03,2.003440834884929848e-03,1.569370664277262373e-03,1.305816274606026511e-03,1.209863167708637383e-03,1.124110333277325222e-03,9.370254845959009177e-04
0.000000000000000000e+00,0.000000000000000000e+00,0.000000000000000000e+00,0.000000000000000000e+00,0.000000000000000000e+00,0.000000000000000000e+00,6.639610218149950598e-06,1.549000092135208672e-04,4.050877780861901977e-04,7.309240870011283987e-04,1.119846265739737369e-03,1.559714467641722460e-03,2.032278939791925046e-03,2.500459444304334658e-03,2.836719157663909405e-03,3.000523481112256970e-03,3.178936696428856252e-03,3.373749082386339176e-03,3.587033803766528049e-03,3.821202296265998818e-03,4.079072727703149034e-03,4.363955186656622541e-03,4.679758437903914527e-03,4.398759141530870706e-03,4.565239300434477225e-03,5.748857104616462640e-03,7.541876107181945052e-03,8.422305759572635414e-03,9.048358154581057425e-03,1.291281634120982139e-02,1.569331381447575460e-02,1.758125552628154314e-02,2.220674721084709910e-02,2.624593234532109076e-02,3.356469957380608937e-02,3.736510029862201432e-02,3.023035633451416279e-02,2.109479345151005561e-02,1.298337348689036948e-02,7.610312693992384546e-03,5.164298760033898990e-03,3.534663438482593505e-03,2.899724752231649157e-03,2.317779210962121316e-03,1.584917821232169864e-03,1.477281215429414969e-03,1.341233670705670742e-03,1.050431673289634439e-03,8.662831098270745451e-04,8.563189650974598575e-04
5.491008274430921911e-04,5.113257946823942992e-04,4.710579936338156752e-04,4.284505279920808080e-04,3.837038477119418707e-04,3.370835565852288722e-04,2.889451373198023178e-04,2.397696903534043804e-04,1.902182133489211855e-04,1.412196913797272770e-04,9.412846853234798728e-05,5.105183302480044194e-05,1.575930145413426109e-05,0.000000000000000000e+00,1.182943001937396607e-04,4.318606932812455649e-04,8.738500004529466169e-04,1.428043995375025610e-03,2.083724547344449618e-03,2.825793661978052290e-03,3.620597518694371880e-03,4.362467825404305749e-03,4.738986174650463082e-03,5.097169615043820913e-03,5.497551045158677839e-03,5.947028974739899075e-03,6.453971468544764806e-03,8.062951460965089509e-03,9.995939995276596074e-03,1.240449772523221673e-02,1.392558155443463300e-02,1.875661431262230436e-02,2.452815580558240921e-02,3.275522460418188453e-02,4.318760104158067548e-02,5.726418621460015873e-02,4.901342781970159657e-02,2.677150158860160806e-02,1.264990659916837706e-02,7.153958664317252442e-03,4.620164284540847002e-03,3.381106356384807124e-03,2.491488223285785730e-03,2.256802751559988315e-03,1.865653574381479331e-03,1.546874280117294109e-03,1.256412999869180877e-03,1.157725061363907518e-03,1.070223913174378049e-03,9.922805203108912755e-04
1.242408633658535332e-03,1.294285931348271995e-03,1.349481624247037123e-03,1.408284887293364531e-03,1.471017095086549556e-03,1.538036222219302642e-03,1.609741961492123802e-03,1.686581697044938844e-03,1.769057499587733907e-03,1.857734348611089640e-03,1.953249833844490201e-03,2.056325648115704674e-03,2.132043590104019601e-03,2.190389312357892207e-03,2.235814135669445327e-03,2.270620836049890012e-03,2.295876030113158141e-03,2.312093793777716174e-03,2.319471309057425951e-03,2.317992223223378206e-03,2.307477566768915706e-03,2.348898755491724173e-03,2.717902031196855334e-03,3.314260928996317669e-03,4.113796541923895808e-03,5.114110064706280101e-03,6.316100626414347316e-03,7.709012031229200111e-03,9.219877787220505383e-03,1.029244055966599576e-02,1.221390122432824445e-02,1.685151834344017843e-02,2.261342159342387761e-02,3.315440629152733437e-02,5.349560225126143154e-02,9.418999573136598025e-02,1.089331655314184355e-01,3.050341024303728638e-02,1.100841708821817706e-02,6.122359381972255869e-03,4.213522474091973072e-03,3.203725068551513139e-03,2.376449569036181118e-03,2.027129207604587511e-03,1.819981387374996692e-03,1.527285529931085746e-03,1.257347343143045033e-03,1.024387443587613990e-03,8.305141104050900967e-04,6.755649222758132542e-04
1.242408633658535332e-03,1.294285931348271995e-03,1.349481624247037123e-03,1.408284887293364531e-03,1.471017095086549556e-03,1.538036222219302642e-03,1.609741961492123802e-03,1.686581697044938844e-03,1.769057499587733907e-03,1.857734348611089640e-03,1.953249833844490201e-03,2.056325648115704674e-03,2.167781259872625290e-03,2.288550250927866899e-03,2.419699930152106795e-03,2.562454995911777993e-03,2.718226231352009834e-03,2.888645494133841498e-03,3.075608629497671945e-03,3.281328425538919662e-03,3.508400389033557165e-03,3.759885015788474831e-03,4.039411457810209577e-03,4.351309191742690555e-03,4.700776678127537023e-03,5.094099383058788184e-03,5.538934391011504123e-03,6.044685909977923037e-03,6.623006421675832998e-03,8.163117278441565927e-03,1.075358923230711715e-02,1.431384021857093694e-02,1.894678503850049170e-02,2.668146565851635746e-02,4.384254168829788273e-02,1.041656196297345571e-01,0.000000000000000000e+00,2.470908675756757975e-02,8.793450116670140093e-03,5.355963090782019098e-03,3.824946099780614835e-03,2.908792602692928872e-03,2.203581745873917780e-03,1.688866045009382961e-03,1.380002065951153574e-03,1.259500370782465697e-03,1.154119506474773904e-03,1.061431504848645794e-03,9.794768590530163969e-04,9.066601014524981999e-04
1.242408633658535332e-03,1.294285931348271995e-03,1.349481624247037123e-03,1.408284887293364531e-03,1.471017095086549556e-03,1.538036222219302642e-03,1.609741961492123802e-03,1.686581697044938844e-03,1.769057499587733907e-03,1.857734348611089640e-03,1.953249833844490201e-03,2.056325648115704674e-03,2.132043590104019601e-03,2.190389312357892207e-03,2.235814135669445327e-03,2.270620836049890012e-03,2.295876030113158141e-03,2.312093793777716174e-03,2.319471309057425951e-03,2.317992223223378206e-03,2.307477566768915706e-03,2.336711106302654609e-03,2.626436120470822776e-03,3.096246458034650553e-03,3.726636990574585216e-03,4.515527418571187342e-03,5.463454853503760256e-03,6.561593829329589490e-03,7.751255432386642413e-03,8.586546597788596857e-03,9.871087975730823139e-03,1.282484693331601908e-02,1.617071978594366091e-02,2.113580472551062489e-02,2.880310259536167372e-02,3.758388515996084062e-02,3.333743557925621798e-02,1.304728680679025955e-02,7.494382639773618585e-03,4.857672644234176801e-03,3.462750291801236502e-03,2.646752405402944767e-03,1.973291284458039002e-03,1.693882643064692278e-03,1.533085856180163228e-03,1.303137263732452762e-03,1.090782901893044615e-03,9.074542608250764104e-04,7.548824514044614586e-04,6.329757724859946897e-04
5.491008274430921911e-04,5.113257946823942992e-04,4.710579936338156752e-04,4.284505279920808080e-04,3.837038477119418707e-04,3.370835565852288722e-04,2.889451373198023178e-04,2.397696903534043804e-04,1.902182133489211855e-04,1.412196913797272770e-04,9.412846853234798728e-05,5.105183302480044194e-05,1.575930145413426109e-05,0.000000000000000000e+00,9.477003326375382786e-05,3.459799178873488668e-04,7.000742510402016127e-04,1.144059998851553123e-03,1.669350461864303747e-03,2.263850066347805699e-03,2.900597465130352187e-03,3.494937797074870560e-03,3.796580872219080735e-03,4.083535159154376426e-03,4.404295849974053725e-03,4.764389601473247894e-03,5.170520386490055735e-03,6.233000693604282341e-03,7.209159571065561732e-03,8.365186271718037109e-03,8.926360786512613221e-03,1.084719535554316307e-02,1.278223536692814181e-02,1.520562725614842993e-02,1.636285442653521299e-02,1.662492118833018215e-02,1.301314217660896194e-02,8.162421537660110443e-03,5.732965123647184962e-03,4.418081562331805170e-03,3.353506234136932954e-03,2.654583718045171355e-03,2.043904045518548599e-03,1.844782471297099977e-03,1.512831432460424747e-03,1.243711536452399638e-03,1.005690696251295389e-03,9.266963356411239087e-04,8.566563960235951212e-04,7.942669229401184972e-04
0.000000000000000000e+00,0.000000000000000000e+00,0.000000000000000000e+00,0.000000000000000000e+00,0.000000000000000000e+00,0.000000000000000000e+00,5.319242602575798591e-06,1.240962497912306947e-04,3.245311239940878111e-04,5.855709017672664288e-04,8.971511533576143711e-04,1.249546188939597942e-03,1.628135441943294849e-03,2.003212532837909520e-03,2.272602893727281286e-03,2.403832726073574805e-03,2.546766293646615057e-03,2.702837856411217151e-03,2.873708305002117738e-03,3.061309531664367384e-03,3.267899277112902394e-03,3.496129378369376359e-03,3.749131294577433358e-03,3.524012141577073827e-03,3.434020082852653425e-03,3.921800079288350650e-03,4.778569009371855594e-03,5.132140581511305567e-03,5.490221189448151601e-03,7.326761036948530384e-03,8.151799399842627261e-03,8.358535355567343200e-03,9.768038908649755853e-03,9.930722814915951893e-03,1.026095722719895693e-02,9.997627501063208535e-03,7.970913389303635813e-03,5.848529273675002679e-03,4.360603338749154817e-03,3.527530865571297872e-03,2.986524218745359449e-03,2.344603214035561635e-03,2.132205906456065888e-03,1.818664608367384031e-03,1.311331778951414437e-03,1.221860017205162602e-03,1.104386030497663158e-03,8.574835898208055078e-04,6.988578456969600462e-04,6.854370468243493062e-04
1.420545549284530891e-04,3.047808724553696062e-04,5.050139883611548660e-04,7.345317253051549845e-04,9.839808851492518223e-04,1.238805759803246736e-03,1.468703312535846184e-03,1.581796390017742825e-03,1.657461218463153647e-03,1.738687912474401204e-03,1.826035246530088602e-03,1.920133970803951200e-03,2.021698230112836930e-03,2.131539153688191950e-03,2.250581100550846491e-03,2.379881170549262136e-03,2.520652753435682729e-03,2.674294100111091962e-03,2.723334529357519188e-03,2.246438831661601472e-03,1.587956231366414485e-03,1.556190777853221118e-03,2.108262277072938881e-03,3.246586487041325329e-03,3.894794194989869771e-03,4.191908839219909109e-03,4.524365176175396998e-03,4.930068177698779426e-03,5.478404678346252520e-03,5.023081120890660750e-03,6.780657000860450430e-03,6.589173726761959893e-03,7.224172328589130790e-03,7.106237042202780824e-03,7.242971681489931285e-03,6.970510145674643429e-03,5.657871636636105026e-03,4.533995198807806888e-03,3.463823091415873558e-03,2.886832566787404970e-03,2.577968619253648286e-03,2.065441753203424869e-03,1.970562449947520570e-03,1.381810550276433821e-03,1.451474978394065758e-03,1.227063232212910818e-03,1.080544169933522021e-03,1.001144355226615086e-03,9.301851191518577993e-04,7.753750999655070319e-04
1.164030846986803536e-03,1.211555791358951036e-03,1.262051797673946572e-03,1.315771778187991127e-03,1.372996140749699898e-03,1.434036455427665059e-03,1.499239704529352259e-03,1.568993224556559625e-03,1.643730471902932460e-03,1.723937773032297067e-03,1.810162256042885387e-03,1.903021205961834359e-03,2.003213143510465446e-03,2.111530999988319064e-03,1.881776133050835475e-03,1.414525725801713462e-03,8.770931202802215599e-04,4.009977773489464934e-04,6.748918940851748741e-04,1.648868486833974991e-03,2.718111703412375707e-03,3.097121022896689307e-03,3.306524549412559206e-03,3.537906298443604415e-03,3.631059638552924362e-03,3.174350058441371795e-03,3.679066844640364528e-03,4.099060851826856304e-03,4.638471002784951003e-03,5.132457985349815621e-03,4.494043134250346599e-03,5.644142634465556044e-03,4.963250754011151906e-03,5.263784357015754284e-03,5.541385803423745302e-03,5.272853787125544520e-03,4.257959202222022510e-03,3.612110834506173773e-03,2.971262645055139633e-03,2.272242340794115856e-03,2.003018999535859969e-03,2.014130052886693983e-03,1.448149099290766502e-03,1.546336347327774332e-03,1.287508392201883525e-03,1.128416322841037031e-03,9.907737506500585191e-04,7.938907458369870093e-04,8.671979759237672530e-04,8.449503688793580684e-04
1.155941496666862542e-03,1.202966917215037186e-03,1.252921410400389393e-03,1.306053382157126852e-03,1.362638140982744576e-03,1.422981471482162585e-03,1.487423774223796055e-03,1.556344876844844433e-03,1.630169643736169727e-03,1.590480405579160119e-03,1.271058329702786380e-03,8.608342058272361059e-04,4.399819568759235906e-04,9.058542708015752194e-05,7.517513392544373065e-05,6.491002296892436473e-04,1.475535730139066002e-03,2.304686867479374592e-03,2.521578998911650459e-03,2.674663747864934778e-03,2.842124372932548250e-03,3.025818890858774333e-03,2.561262301653103018e-03,1.914606786533020258e-03,2.522063594865963515e-03,3.423470347382787972e-03,3.664243276536078946e-03,3.679619650800994984e-03,3.933055510770449778e-03,3.892660915744201432e-03,4.390348280530548958e-03,3.521070027072802176e-03,4.517458058188812513e-03,4.590510001096009471e-03,4.184028545066530332e-03,3.873653871077002535e-03,3.183189773423657914e-03,2.791515001536927325e-03,2.484257831776308552e-03,2.180359751262671199e-03,1.887780188905185041e-03,1.409546844810270153e-03,1.566709593846633657e-03,1.257123135749335348e-03,1.236625337261098266e-03,1.046222956823849616e-03,1.008716892373299383e-03,9.424353432146096582e-04,6.911637999404199578e-04,4.828619744470652041e-04
1.147936178828521878e-03,1.194469051832702496e-03,1.243889747384550274e-03,1.296442261114386920e-03,1.339051030123439507e-03,1.143217633468874119e-03,8.319780533623886542e-04,4.890247063779252406e-04,1.743322007467836140e-04,0.000000000000000000e+00,0.000000000000000000e+00,1.085634332480577745e-04,6.304626220357016295e-04,1.331976148029129009e-03,1.969176132318989098e-03,2.092741156906148623e-03,2.208021866826304861e-03,2.333097242433373412e-03,2.469109130702647637e-03,2.588068758074866995e-03,1.675601973758858356e-03,1.036539415471864328e-03,1.946028295108143688e-03,2.902112178126124622e-03,3.089260689752759172e-03,3.232338227720764085e-03,2.602573231886333004e-03,3.239519249242814487e-03,3.449436826261772279e-03,3.387765329301527066e-03,3.060131271311796602e-03,3.622479952016205082e-03,3.057681021173150066e-03,3.796495182998302267e-03,3.785719298376484000e-03,3.280591818462687617e-03,2.402548816078543727e-03,2.434496482787157010e-03,2.334679832451394370e-03,2.003459231022097255e-03,1.313087266117865049e-03,1.489943824018072393e-03,1.224002626365872440e-03,1.208934714053324332e-03,1.113985249026090826e-03,1.046192998844822650e-03,7.737018933317251195e-04,8.898192412726664774e-04,8.504319193686910028e-04,7.989124511420162521e-04
1.025116416407526043e-03,7.949348548379265352e-04,5.169689121738947147e-04,2.421108232059789402e-04,3.016059079336370289e-05,0.000000000000000000e+00,0.000000000000000000e+00,0.000000000000000000e+00,1.377826267944502758e-04,6.115080297029588160e-04,1.210614657958403520e-03,1.681963353885286387e-03,1.764675792293245605e-03,1.853642914143439945e-03,1.949511626368773381e-03,2.053014685858114800e-03,2.164984742957133321e-03,1.943007574384145782e-03,9.929870594152213036e-04,4.692099591109880042e-04,1.563165361535391942e-03,2.491377363734443521e-03,2.639714382244444033e-03,2.801704842567503528e-03,2.023567599989750578e-03,1.964191247323941389e-03,2.900438564327363026e-03,3.077817248315802001e-03,2.581901274496927953e-03,2.711700229980117029e-03,2.967493015691981869e-03,2.865905328981344959e-03,3.147492762762818183e-03,2.671417268905532973e-03,3.119653652299091487e-03,2.929503711868739705e-03,1.940881795938694063e-03,2.201091189131263240e-03,2.018114919932549947e-03,1.524315192346613074e-03,1.457009533429535130e-03,1.223955158386384181e-03,1.199322357420791810e-03,1.084635889489074870e-03,9.213595912327852359e-04,9.939718239564251847e-04,9.366879114202091190e-04,6.197904169314712814e-04,5.593016450798296178e-04,7.712716620752161798e-04
0.000000000000000000e+00,0.000000000000000000e+00,0.000000000000000000e+00,0.000000000000000000e+00,0.000000000000000000e+00,1.626874179470195320e-04,5.924818982930115437e-04,1.106157637402969138e-03,1.442592860720127036e-03,1.508115131383068030e-03,1.578204941740505608e-03,1.653296906690343310e-03,1.733878591793963121e-03,1.820498447607059095e-03,1.913775166522979805e-03,1.338782975340896539e-03,4.927596386475863698e-04,2.248335617339513128e-04,1.259916659079409135e-03,2.162047189100889735e-03,2.281604253249360295e-03,2.411359535521794516e-03,2.328448757654845869e-03,1.165874683071593983e-03,2.020533651006051288e-03,2.611937274437327403e-03,2.763169532809373226e-03,1.932503396954424104e-03,2.419559528254818740e-03,2.546678062435142262e-03,2.365683197032244188e-03,2.497890273926532938e-03,2.565763597905675042e-03,2.489701877061803372e-03,2.577971597755507500e-03,2.436962527184735952e-03,1.771404117387929966e-03,1.867861979089685586e-03,1.749922508980872315e-03,1.425247694998513963e-03,1.346615063336286311e-03,1.071181731783787689e-03,9.986528428020341550e-04,1.018629712441300027e-03,9.677843708851526297e-04,6.896199159361060798e-04,8.923572905214766484e-04,8.435172875039587993e-04,6.525252659347469250e-04,3.368889334878077003e-04
0.000000000000000000e+00,0.000000000000000000e+00,1.835740894417937214e-04,5.735326960230386533e-04,1.014778424096450049e-03,1.250909799380138174e-03,1.303693866654737641e-03,1.359890767191666199e-03,1.419801185329463630e-03,1.483759664156364530e-03,1.552139285939829663e-03,1.625357125147690622e-03,1.531803384540709589e-03,8.402030842635580237e-04,1.573461324951218017e-04,1.389361500553281748e-04,1.016883522924237442e-03,1.893949392719143253e-03,1.991715412107972118e-03,2.097251587699621236e-03,2.211403673709216693e-03,1.320462625542927031e-03,7.778053777151627607e-04,2.204502035364806680e-03,2.364434004027080212e-03,2.494416455437725461e-03,1.409439966538648340e-03,2.172206025211782625e-03,2.280117108407318620e-03,1.798263220616733897e-03,2.232920654905851988e-03,2.167728604762183316e-03,2.201136039180647246e-03,2.256395689841107430e-03,2.090253215835354179e-03,1.983084388733220502e-03,1.623192889143055704e-03,1.560186115121209305e-03,1.453682597519134409e-03,1.329684258300025713e-03,1.256195336617697139e-03,9.712903934418857122e-04,9.575535959383731782e-04,7.439142312084239678e-04,9.120096759496025812e-04,8.688470016932456526e-04,5.029630854844462789e-04,8.055642924462414183e-04,7.635868506791365249e-04,7.119373023873498034e-04
5.547457938921213560e-04,9.336142097961844764e-04,1.095039700429067736e-03,1.138184721485167817e-03,1.183930795812275592e-03,1.232491280733406845e-03,1.284101867165255133e-03,1.339023444871600445e-03,1.397545405928350432e-03,1.459989464702189784e-03,1.104054246893086851e-03,4.533190859528390178e-04,0.000000000000000000e+00,7.641569991022926719e-05,8.202084086465781694e-04,1.656716179196331953e-03,1.753758794476894005e-03,1.840747252833440598e-03,1.934372039201608280e-03,1.681925827783884103e-03,4.719077912761917388e-04,1.029612848527305122e-03,2.046168608136071567e-03,2.150513202944350291e-03,2.190063919189267141e-03,9.899585749048580782e-04,1.960931600306209215e-03,2.053318052924340848e-03,1.490188189561059704e-03,1.969725874517319966e-03,2.086198178783359690e-03,1.664889024376162673e-03,2.039393651855203084e-03,1.761114832433167358e-03,1.926069320216407515e-03,1.591464952639307616e-03,1.492833334257827197e-03,1.294577809458472353e-03,1.339499650665598512e-03,1.095137368703390669e-03,1.163888441871078865e-03,8.653440302440379471e-04,8.946339242037775656e-04,8.446865722760947678e-04,6.014142801271963809e-04,8.212937507306614050e-04,7.843406756435445997e-04,3.532698313917898535e-04,7.072745561904604733e-04,6.945017713259770851e-04
1.002303647998032798e-03,1.040037685926977059e-03,1.079943415342259376e-03,1.122190738999090777e-03,1.166966506026728299e-03,1.214476581452391367e-03,1.264948216697091158e-03,1.240774340439597563e-03,7.274690738774931094e-04,1.759199646642258810e-04,0.000000000000000000e+00,3.298939303117559698e-05,6.597866983313475974e-04,1.435139345678914735e-03,1.556031918662786071e-03,1.628576501977099930e-03,1.706315130640097179e-03,1.789755746700738429e-03,8.769353096662850381e-04,1.475441849601193459e-04,1.325975451151515305e-03,1.873121078384609728e-03,1.964363154635734125e-03,1.882777103984671109e-03,6.568597469025136675e-04,1.721671429992011320e-03,1.858748704623029322e-03,1.588398872651183499e-03,1.241433449623879264e-03,1.882537124843575898e-03,1.526361317605223322e-03,1.766536501721860646e-03,1.894845250981886785e-03,1.445631556831487993e-03,1.780496521772349837e-03,1.265555559607885877e-03,1.377569535715824928e-03,1.073530792606321779e-03,1.238259933789614227e-03,9.630287091576370147e-04,1.081394209865229206e-03,1.008167998673079263e-03,6.604750841400842173e-04,8.072970212447866433e-04,5.313032972506524830e-04,6.353336571107682205e-04,7.434691830188941680e-04,6.886405076164491120e-04,2.344024668492764236e-04,6.080372033703737838e-04
9.890779352115625870e-04,1.026060703879948981e-03,1.065157169407739525e-03,1.106531528611475997e-03,1.150364237531802678e-03,9.317018296864327869e-04,4.202322599053454934e-04,1.484027313667839715e-05,0.000000000000000000e+00,6.481313022582608859e-06,5.281174275877007461e-04,1.239492472464039487e-03,1.389952092852112788e-03,1.451081572081379780e-03,1.516334220371704650e-03,1.586089358815964299e-03,1.215269987988584766e-03,2.430941789554397279e-04,3.919915585309115247e-04,1.529679335140363529e-03,1.721132388561053776e-03,1.801377039545556773e-03,1.599740461330923218e-03,3.973387106494138368e-04,1.480104539676263629e-03,1.690579488976826257e-03,1.733021643063053716e-03,7.695724669267980586e-04,1.707306021949695114e-03,1.768492356085470769e-03,1.017749693268673239e-03,1.721216735058373783e-03,1.579487561829531110e-03,1.424629855598477657e-03,1.650824648269779392e-03,1.005036613584977699e-03,1.275157573623060363e-03,8.969050232794295238e-04,1.148078636868103903e-03,9.907697370350224911e-04,9.014185739080867116e-04,9.823038637328024205e-04,5.201279822881403701e-04,7.583906804922135305e-04,7.321518644620622672e-04,3.224341379169018808e-04,6.931804078289641223e-04,6.762042380295886805e-04,5.920176891899119748e-04,1.417915687330985374e-04
9.761122818825995187e-04,1.012363593491662347e-03,1.023865749419122567e-03,6.405389233542630161e-04,1.875792155582363548e-04,0.000000000000000000e+00,0.000000000000000000e+00,0.000000000000000000e+00,4.195450940627223554e-04,1.068993147039826131e-03,1.249109082010730004e-03,1.301098170526156879e-03,1.356401867245588628e-03,1.415308046523067621e-03,1.413384916195161356e-03,5.701639329319499504e-04,0.000000000000000000e+00,6.538832480513775752e-04,1.520431697190102998e-03,1.586919179829892734e-03,1.657865145396082013e-03,1.345784232306123165e-03,2.024540388652363025e-04,1.257601398545129742e-03,1.544241650589355842e-03,1.608551240311831363e-03,5.951150078664867692e-04,1.418912701061703519e-03,1.608592094555931279e-03,1.185872893048065761e-03,1.246072440759335691e-03,1.608647858151002891e-03,1.005531652225966641e-03,1.515637336148141024e-03,1.534819473504108519e-03,8.106604495459545463e-04,1.183755482874232663e-03,7.652948628400604901e-04,1.067401950186568256e-03,1.054061585944407161e-03,5.862184293294847278e-04,9.180604477411363241e-04,7.111375041373551578e-04,5.085433065295801199e-04,6.898199186594103057e-04,6.084788352148372574e-04,2.396616427883975769e-04,6.433942756781675090e-04,6.176714880779222375e-04,5.030200596854334264e-04
7.997912699818094783e-04,3.917771380570915290e-04,3.611899105721810523e-05,0.000000000000000000e+00,0.000000000000000000e+00,0.000000000000000000e+00,3.297479597013120984e-04,9.208737006995018973e-04,1.128637151391279113e-03,1.173221026845285009e-03,1.220499795423995873e-03,1.270695107494732154e-03,1.324051878932128602e-03,8.731252873052180140e-04,1.007314671882997330e-04,4.767332072702761420e-05,8.954713197716796273e-04,1.408597754770842545e-03,1.467813915145554926e-03,1.530844192942115364e-03,1.120632442642335641e-03,6.768608179945609967e-05,1.057959196256109480e-03,1.416113637805144296e-03,1.472513663785731623e-03,8.094078943221950191e-04,8.046649875805485545e-04,1.469436963355994765e-03,1.518198316763085280e-03,5.651292955459899601e-04,1.472082546248619245e-03,1.506771543795838286e-03,6.853314509310303240e-04,1.413357869201605508e-03,1.412876156250762521e-03,6.902370671524190541e-04,1.101839846943712068e-03,6.841921936947670648e-04,9.825955368620942296e-04,9.829305478207350875e-04,4.351297560035628396e-04,8.599193111976656230e-04,8.401221899952068545e-04,2.797112527839543919e-04,6.510559407339860374e-04,6.301453861223847491e-04,3.450681736901880159e-04,3.237499638461742804e-04,5.889814625699847346e-04,5.664223715353868937e-04
0.000000000000000000e+00,0.000000000000000000e+00,0.000000000000000000e+00,0.000000000000000000e+00,2.553859151399930365e-04,7.921883151141191366e-04,1.024789107204852326e-03,1.063309976809563703e-03,1.104044326881466762e-03,1.147165051213981310e-03,1.192862260038749693e-03,1.093337599159743519e-03,3.554438143303975933e-04,0.000000000000000000e+00,2.170128419289036985e-04,1.085937432184314521e-03,1.308663643477435022e-03,1.361631301859669288e-03,1.417881034779068039e-03,9.224205915126195603e-04,1.087673206914920554e-07,8.809609816016357713e-04,1.303294863039596149e-03,1.353031039256682305e-03,1.042386950954113595e-03,2.875716962078275827e-04,1.347587637256423762e-03,1.390366544717429017e-03,9.525634515471783585e-04,8.151923525502499093e-04,1.382713848572201479e-03,1.322380797289501734e-03,6.424663785191672477e-04,1.321092745492148755e-03,1.172605990525525709e-03,6.762097027750559129e-04,1.028141906318198870e-03,6.762097027750559129e-04,8.154978111072606634e-04,9.187640613499633863e-04,4.464292333099470229e-04,7.546869258504435843e-04,7.891191900613626084e-04,4.652328677064518771e-04,4.084921496804945528e-04,5.962372561880035409e-04,5.778921812837062430e-04,1.233206881708535864e-04,4.169377887865276678e-04,5.411903604039814937e-04
0.000000000000000000e+00,0.000000000000000000e+00,1.938543104118057474e-04,6.802456971586023351e-04,9.346413486005665430e-04,9.681505887008160470e-04,1.003494757841920468e-03,1.040810314527800592e-03,1.080246642224800017e-03,1.121967546740531511e-03,6.190170258787888301e-04,2.072640382105012707e-05,0.000000000000000000e+00,4.171997030763548273e-04,1.170795440051109132e-03,1.218999063968962846e-03,1.266567334830367986e-03,1.316975261195392748e-03,7.488448377741818707e-04,0.000000000000000000e+00,7.251410175422486884e-04,1.203440085772956077e-03,1.247522225118730772e-03,1.202524357980855416e-03,1.156641363559672575e-04,1.024933836933522927e-03,1.278025511760113361e-03,1.317510727614207202e-03,2.701137720925534053e-04,1.259113973662864166e-03,1.301243055957791890e-03,8.021863198291978277e-04,9.081534625271338659e-04,1.237576030054624368e-03,9.151921910445950763e-04,6.792910383504261861e-04,9.615981326518461365e-04,6.792910383504261861e-04,6.364774140415571007e-04,8.606817223712538191e-04,6.315822764204407887e-04,4.578102834766446198e-04,7.426235496597520481e-04,7.185803484341834373e-04,1.247170330938155217e-04,5.649941623060311148e-04,5.480615362655933158e-04,4.395270736550467919e-04,4.629605104799504648e-05,4.809901412518621908e-04
1.431101296881880081e-04,5.827060975285351619e-04,8.558858243758462551e-04,8.852164414000757544e-04,9.160810140874691603e-04,9.485884027464313575e-04,9.828572987114780370e-04,1.019017309301330091e-03,8.364912896142687355e-04,2.052559110996635952e-04,0.000000000000000000e+00,3.684007592246700694e-06,6.139843948061583963e-04,1.097658368642253279e-03,1.138243639128125361e-03,1.181122163599017090e-03,1.226470025760821982e-03,5.976021619600045730e-04,0.000000000000000000e+00,5.886881891419716963e-04,1.114636539745419812e-03,1.153890194760204355e-03,1.195254527217301261e-03,3.081556940906477024e-04,5.343878171268647524e-04,1.178769790822619280e-03,1.213713759364367338e-03,7.677694190048099752e-04,4.830953112336715477e-04,1.201239263549866388e-03,1.226766229961433804e-03,3.276925131510940244e-04,1.100945036917119844e-03,1.161735681692393184e-03,6.748576372284275293e-04,6.797244866346582827e-04,9.013116431364623978e-04,6.797244866346582827e-04,4.693349090960662919e-04,8.079379716291197177e-04,7.656606524352986424e-04,1.874120520373283316e-04,7.001193882461127999e-04,6.855510673457181504e-04,2.757040302422226682e-04,3.292460779581840146e-04,5.204824328019993802e-04,5.054972506550236893e-04,2.291639762439812448e-04,1.232572544951193033e-04
7.866808162394897316e-04,8.124996895962803079e-04,8.396108027203950030e-04,8.681018524367490382e-04,8.980681031213620571e-04,9.296131840672009665e-04,9.500740040493122884e-04,4.287274313159637968e-04,0.000000000000000000e+00,0.000000000000000000e+00,1.103760908278372777e-04,7.831844726692422081e-04,1.028477957002538710e-03,1.065255009413497737e-03,1.104040568505658274e-03,1.144983596054524556e-03,4.665673110192098782e-04,0.000000000000000000e+00,4.697920274074853159e-04,1.035311646084529974e-03,1.070417027582573318e-03,1.107338689748104364e-03,5.140361871890405769e-04,1.481370019159881284e-04,1.090643353195268469e-03,1.121716614077691073e-03,1.154136993422229512e-03,1.370093266259273434e-04,9.452870910817369379e-04,1.135068506467082176e-03,1.121246655718397987e-03,1.653221901115983121e-04,1.081119776154948215e-03,1.092658978002841730e-03,4.625018205046486897e-04,6.775624949055269759e-04,8.465218206848845609e-04,6.775624949055269759e-04,3.216504310076299077e-04,7.598980493427871883e-04,7.518730230978977426e-04,1.126031762315672142e-04,6.398990316999866911e-04,6.477872058722591647e-04,5.394783486548196698e-04,5.875433732921246915e-05,4.949338552755496281e-04,4.810308754473847448e-04,4.677055866019781010e-04,6.352626931213773678e-05
7.723308056300102944e-04,7.974408264341564150e-04,8.237956199861472695e-04,8.514788424487387212e-04,8.805812976473895550e-04,6.322179727152958109e-04,1.022537358286716876e-04,0.000000000000000000e+00,0.000000000000000000e+00,2.625909454933263100e-04,8.951919950180016287e-04,9.656374398909693376e-04,9.990682101976915922e-04,1.034265596916485565e-03,1.071356302020866520e-03,3.538631977531710941e-04,0.000000000000000000e+00,3.667818105724994179e-04,9.641629107681329650e-04,9.956845439221765487e-04,1.028777647402281557e-03,7.039554298482423190e-04,0.000000000000000000e+00,7.405625807770504230e-04,1.039796217511633654e-03,1.068707490298559468e-03,6.196696154184224868e-04,2.397310908925595098e-04,1.053280572287397564e-03,1.074218441067298834e-03,7.178586931512383760e-04,3.545768275168417272e-04,1.019008171332216493e-03,1.029564925260770302e-03,2.830145411250710734e-04,6.728098553543467204e-04,7.965802044835134212e-04,6.728098553543467204e-04,1.968246287873601089e-04,7.160188074484271454e-04,7.086770321285899409e-04,2.465931685883709945e-04,4.096842387909545150e-04,6.130598800607459575e-04,6.011105717709160643e-04,1.368152958567733356e-04,2.657357605762115656e-04,4.582987300033765365e-04,4.459005764194359420e-04,3.175788448562075097e-04
